4150 12582912
4205 10485760
6992 12582912
7041 10485760
9598 12582912
9644 10485760
12634 12582912
12680 10485760
15335 12582912
15383 10485760
18165 12582912
18216 10485760
20881 12582912
20928 10485760
23821 12582912
23873 10485760
23874 50331648
23969 10485760
26665 12582912
26720 10485760
29636 12582912
29685 10485760
32600 12582912
32654 10485760
35610 12582912
35658 10485760
38736 12582912
38777 10485760
41738 12582912
41788 10485760
44971 12582912
45023 10485760
48189 12582912
48238 10485760
48239 50331648
48307 10485760
51420 12582912
51471 10485760
54824 12582912
54869 10485760
58161 12582912
58216 10485760
61490 12582912
61543 10485760
64799 12582912
64853 10485760
67851 12582912
67904 10485760
71146 12582912
71198 10485760
74588 12582912
74639 10485760
74640 50331648
74733 10485760
77819 12582912
77869 10485760
81092 12582912
81131 10485760
83984 12582912
84032 10485760
87043 12582912
87092 10485760
90030 12582912
90082 10485760
93084 12582912
93131 10485760
96446 12582912
96499 10485760
99817 12582912
99867 10485760
99869 50331648
99960 10485760
102768 12582912
102819 10485760
106019 12582912
106065 10485760
109238 12582912
109291 10485760
112557 12582912
112609 10485760
115692 12582912
115745 10485760
118875 12582912
118926 10485760
122097 12582912
122148 10485760
125501 12582912
125553 10485760
125554 50331648
125649 10485760
128714 12582912
128770 10485760
131919 12582912
131976 10485760
135251 12582912
135306 10485760
138530 12582912
138578 10485760
141696 12582912
141742 10485760
144921 12582912
144972 10485760
148423 12582912
148475 10485760
151792 12582912
151850 10485760
151851 50331648
151943 10485760
155225 12582912
155275 10485760
158619 12582912
158670 10485760
162050 12582912
162092 10485760
165474 12582912
165526 10485760
168991 12582912
169040 10485760
172334 12582912
172388 10485760
175717 12582912
175755 10485760
179096 12582912
179149 10485760
179157 50331648
179255 10485760
182579 12582912
182630 10485760
185881 12582912
185934 10485760
189243 12582912
189295 10485760
192542 12582912
192594 10485760
196069 12582912
196120 10485760
199498 12582912
199550 10485760
202931 12582912
202988 10485760
206295 12582912
206354 10485760
206355 50331648
206429 10485760
206430 201326592
206808 10485760
209946 12582912
209989 10485760
213220 12582912
213270 10485760
216344 12582912
216393 10485760
219769 12582912
219820 10485760
223067 12582912
223115 10485760
226423 12582912
226468 10485760
229829 12582912
229878 10485760
233297 12582912
233346 10485760
233347 50331648
233441 10485760
236327 12582912
236374 10485760
239500 12582912
239551 10485760
242825 12582912
242877 10485760
246055 12582912
246105 10485760
249448 12582912
249499 10485760
252557 12582912
252611 10485760
256014 12582912
256068 10485760
259403 12582912
259456 10485760
259457 50331648
259547 10485760
262810 12582912
262860 10485760
266224 12582912
266272 10485760
269266 12582912
269321 10485760
272509 12582912
272554 10485760
275820 12582912
275870 10485760
279075 12582912
279121 10485760
282377 12582912
282430 10485760
285728 12582912
285773 10485760
285774 50331648
285869 10485760
289116 12582912
289168 10485760
292517 12582912
292566 10485760
295785 12582912
295840 10485760
299220 12582912
299266 10485760
302770 12582912
302824 10485760
306086 12582912
306137 10485760
309376 12582912
309428 10485760
312635 12582912
312680 10485760
312683 50331648
312776 10485760
316025 12582912
316076 10485760
319646 12582912
319690 10485760
323081 12582912
323130 10485760
326455 12582912
326516 10485760
329679 12582912
329734 10485760
333096 12582912
333148 10485760
336580 12582912
336630 10485760
340102 12582912
340144 10485760
340145 50331648
340236 10485760
343295 12582912
343346 10485760
346775 12582912
346824 10485760
350211 12582912
350264 10485760
353558 12582912
353602 10485760
356710 12582912
356759 10485760
359755 12582912
359806 10485760
363144 12582912
363189 10485760
366485 12582912
366537 10485760
366537 50331648
366627 10485760
370038 12582912
370089 10485760
373685 12582912
373743 10485760
377103 12582912
377155 10485760
380631 12582912
380681 10485760
384100 12582912
384153 10485760
387456 12582912
387510 10485760
390906 12582912
390960 10485760
394245 12582912
394300 10485760
394301 50331648
394394 10485760
397892 12582912
397946 10485760
401514 12582912
401560 10485760
404929 12582912
404985 10485760
408550 12582912
408601 10485760
412165 12582912
412216 10485760
415803 12582912
415854 10485760
419361 12582912
419413 10485760
422862 12582912
422913 10485760
422913 50331648
423009 10485760
423010 201326592
423362 10485760
426830 12582912
426877 10485760
430512 12582912
430559 10485760
433687 12582912
433732 10485760
436509 12582912
436558 10485760
439625 12582912
439680 10485760
442960 12582912
443012 10485760
445957 12582912
446007 10485760
449254 12582912
449300 10485760
449301 50331648
449393 10485760
452515 12582912
452561 10485760
456053 12582912
456103 10485760
459193 12582912
459243 10485760
462644 12582912
462699 10485760
466071 12582912
466125 10485760
469429 12582912
469474 10485760
472728 12582912
472779 10485760
476169 12582912
476220 10485760
476221 50331648
476315 10485760
479193 12582912
479245 10485760
482556 12582912
482610 10485760
485832 12582912
485886 10485760
488972 12582912
489017 10485760
492473 12582912
492515 10485760
495862 12582912
495917 10485760
499107 12582912
499156 10485760
502285 12582912
502338 10485760
502339 50331648
502433 10485760
505704 12582912
505754 10485760
509211 12582912
509265 10485760
512584 12582912
512640 10485760
515905 12582912
515955 10485760
519369 12582912
519423 10485760
522767 12582912
522827 10485760
526186 12582912
526238 10485760
529552 12582912
529601 10485760
529602 50331648
529697 10485760
532890 12582912
532939 10485760
536254 12582912
536305 10485760
539298 12582912
539349 10485760
542660 12582912
542708 10485760
546169 12582912
546210 10485760
549558 12582912
549608 10485760
552455 12582912
552507 10485760
555748 12582912
555798 10485760
555805 50331648
555897 10485760
559327 12582912
559378 10485760
562904 12582912
562959 10485760
566278 12582912
566333 10485760
569768 12582912
569825 10485760
573214 12582912
573263 10485760
576532 12582912
576583 10485760
579784 12582912
579837 10485760
582907 12582912
582966 10485760
582967 50331648
583062 10485760
586383 12582912
586435 10485760
589990 12582912
590039 10485760
593510 12582912
593564 10485760
597049 12582912
597100 10485760
600431 12582912
600483 10485760
603952 12582912
604010 10485760
607320 12582912
607372 10485760
610752 12582912
610807 10485760
610808 50331648
610897 10485760
614316 12582912
614368 10485760
618049 12582912
618107 10485760
621516 12582912
621566 10485760
625147 12582912
625197 10485760
629034 12582912
629099 10485760
632623 12582912
632675 10485760
636154 12582912
636210 10485760
640238 12582912
640284 10485760
640285 50331648
640384 10485760
640385 201326592
640748 10485760
644426 12582912
644474 10485760
648288 12582912
648333 10485760
652078 12582912
652125 10485760
655740 12582912
655788 10485760
659125 12582912
659178 10485760
662440 12582912
662487 10485760
665685 12582912
665736 10485760
669135 12582912
669175 10485760
669176 50331648
669278 10485760
672557 12582912
672598 10485760
675988 12582912
676040 10485760
679509 12582912
679560 10485760
683517 12582912
683562 10485760
687352 12582912
687398 10485760
690884 12582912
690943 10485760
694408 12582912
694457 10485760
697764 12582912
697816 10485760
697817 50331648
697913 10485760
701322 12582912
701378 10485760
704551 12582912
704603 10485760
707899 12582912
707951 10485760
711273 12582912
711324 10485760
714638 12582912
714688 10485760
718296 12582912
718338 10485760
721760 12582912
721801 10485760
725193 12582912
725239 10485760
725240 50331648
725338 10485760
728577 12582912
728630 10485760
731791 12582912
731849 10485760
735403 12582912
735452 10485760
739053 12582912
739101 10485760
742591 12582912
742642 10485760
746073 12582912
746126 10485760
749702 12582912
749750 10485760
753789 12582912
753842 10485760
753842 50331648
753941 10485760
757929 12582912
757979 10485760
761748 12582912
761798 10485760
765716 12582912
765766 10485760
769509 12582912
769567 10485760
772787 12582912
772844 10485760
776048 12582912
776103 10485760
779415 12582912
779465 10485760
782871 12582912
782924 10485760
782925 50331648
783015 10485760
786452 12582912
786504 10485760
790113 12582912
790169 10485760
793512 12582912
793575 10485760
797484 12582912
797538 10485760
801277 12582912
801335 10485760
805312 12582912
805364 10485760
809371 12582912
809424 10485760
813355 12582912
813409 10485760
813412 50331648
813512 10485760
817664 12582912
817716 10485760
821828 12582912
821876 10485760
825628 12582912
825682 10485760
829109 12582912
829161 10485760
832390 12582912
832430 10485760
835815 12582912
835868 10485760
839077 12582912
839129 10485760
842449 12582912
842510 10485760
842511 50331648
842610 10485760
845896 12582912
845950 10485760
849699 12582912
849750 10485760
853566 12582912
853615 10485760
857706 12582912
857762 10485760
861735 12582912
861788 10485760
865292 12582912
865344 10485760
869226 12582912
869281 10485760
873105 12582912
873156 10485760
873157 50331648
873256 10485760
873257 201326592
873655 10485760
877215 12582912
877262 10485760
881034 12582912
881085 10485760
884989 12582912
885024 10485760
888585 12582912
888643 10485760
892021 12582912
892068 10485760
895351 12582912
895404 10485760
898646 12582912
898699 10485760
902317 12582912
902371 10485760
902372 50331648
902460 10485760
906466 12582912
906524 10485760
909853 12582912
909901 10485760
913311 12582912
913359 10485760
916695 12582912
916752 10485760
920017 12582912
920073 10485760
923142 12582912
923195 10485760
926859 12582912
926915 10485760
930630 12582912
930695 10485760
930696 50331648
930799 10485760
934558 12582912
934609 10485760
938531 12582912
938582 10485760
942384 12582912
942433 10485760
946460 12582912
946509 10485760
950790 12582912
950847 10485760
955099 12582912
955152 10485760
959097 12582912
959146 10485760
962847 12582912
962902 10485760
962903 50331648
962998 10485760
967288 12582912
967341 10485760
971473 12582912
971519 10485760
975772 12582912
975830 10485760
980407 12582912
980460 10485760
984745 12582912
984800 10485760
989240 12582912
989298 10485760
993855 12582912
993907 10485760
998043 12582912
998096 10485760
998097 50331648
998196 10485760
1.00239e+06 12582912
1.00244e+06 10485760
1.00706e+06 12582912
1.00711e+06 10485760
1.01143e+06 12582912
1.01149e+06 10485760
1.01589e+06 12582912
1.01594e+06 10485760
1.01922e+06 12582912
1.01928e+06 10485760
1.02236e+06 12582912
1.02242e+06 10485760
1.02572e+06 12582912
1.02578e+06 10485760
1.02927e+06 12582912
1.02932e+06 10485760
1.02932e+06 50331648
1.02942e+06 10485760
1.03273e+06 12582912
1.03278e+06 10485760
1.03642e+06 12582912
1.03648e+06 10485760
1.04016e+06 12582912
1.04021e+06 10485760
1.0438e+06 12582912
1.04386e+06 10485760
1.04728e+06 12582912
1.04734e+06 10485760
1.05107e+06 12582912
1.05112e+06 10485760
1.05469e+06 12582912
1.05475e+06 10485760
1.05823e+06 12582912
1.0583e+06 10485760
1.0583e+06 50331648
1.05839e+06 10485760
1.06208e+06 12582912
1.06212e+06 10485760
1.06573e+06 12582912
1.06578e+06 10485760
1.06947e+06 12582912
1.06952e+06 10485760
1.07292e+06 12582912
1.07298e+06 10485760
1.07647e+06 12582912
1.07652e+06 10485760
1.07985e+06 12582912
1.07989e+06 10485760
1.08353e+06 12582912
1.08357e+06 10485760
1.08684e+06 12582912
1.0869e+06 10485760
1.0869e+06 50331648
1.08699e+06 10485760
1.09082e+06 12582912
1.09087e+06 10485760
1.09441e+06 12582912
1.09446e+06 10485760
1.09807e+06 12582912
1.09812e+06 10485760
1.10201e+06 12582912
1.10206e+06 10485760
1.10602e+06 12582912
1.10607e+06 10485760
1.11081e+06 12582912
1.11086e+06 10485760
1.11533e+06 12582912
1.11539e+06 10485760
1.11989e+06 12582912
1.11994e+06 10485760
1.11994e+06 50331648
1.12004e+06 10485760
1.12004e+06 201326592
1.12042e+06 10485760
1.12398e+06 12582912
1.12403e+06 10485760
1.12765e+06 12582912
1.12769e+06 10485760
1.13129e+06 12582912
1.13133e+06 10485760
1.13489e+06 12582912
1.13494e+06 10485760
1.13832e+06 12582912
1.13837e+06 10485760
1.14152e+06 12582912
1.14158e+06 10485760
1.14499e+06 12582912
1.14503e+06 10485760
1.14855e+06 12582912
1.14861e+06 10485760
1.14861e+06 50331648
1.14871e+06 10485760
1.15205e+06 12582912
1.1521e+06 10485760
1.15537e+06 12582912
1.15543e+06 10485760
1.15898e+06 12582912
1.15902e+06 10485760
1.16245e+06 12582912
1.16251e+06 10485760
1.16601e+06 12582912
1.16606e+06 10485760
1.16976e+06 12582912
1.16982e+06 10485760
1.17343e+06 12582912
1.17348e+06 10485760
1.17694e+06 12582912
1.177e+06 10485760
1.177e+06 50331648
1.17709e+06 10485760
1.18065e+06 12582912
1.1807e+06 10485760
1.18406e+06 12582912
1.18412e+06 10485760
1.18765e+06 12582912
1.1877e+06 10485760
1.19107e+06 12582912
1.19111e+06 10485760
1.19443e+06 12582912
1.19449e+06 10485760
1.19795e+06 12582912
1.198e+06 10485760
1.20161e+06 12582912
1.20166e+06 10485760
1.20509e+06 12582912
1.20515e+06 10485760
1.20515e+06 50331648
1.20524e+06 10485760
1.20849e+06 12582912
1.20855e+06 10485760
1.21214e+06 12582912
1.21219e+06 10485760
1.21584e+06 12582912
1.21589e+06 10485760
1.21949e+06 12582912
1.21955e+06 10485760
1.22297e+06 12582912
1.22302e+06 10485760
1.22631e+06 12582912
1.22636e+06 10485760
1.22973e+06 12582912
1.22978e+06 10485760
1.23332e+06 12582912
1.23339e+06 10485760
1.23339e+06 50331648
1.23349e+06 10485760
1.23688e+06 12582912
1.23694e+06 10485760
1.24038e+06 12582912
1.24044e+06 10485760
1.24427e+06 12582912
1.24433e+06 10485760
1.24832e+06 12582912
1.24838e+06 10485760
1.25264e+06 12582912
1.25269e+06 10485760
1.25681e+06 12582912
1.25686e+06 10485760
1.26093e+06 12582912
1.26099e+06 10485760
1.26497e+06 12582912
1.26502e+06 10485760
1.26503e+06 50331648
1.26513e+06 10485760
1.26938e+06 12582912
1.26943e+06 10485760
1.27294e+06 12582912
1.27298e+06 10485760
1.27656e+06 12582912
1.27662e+06 10485760
1.28004e+06 12582912
1.28009e+06 10485760
1.28346e+06 12582912
1.28351e+06 10485760
1.2871e+06 12582912
1.28715e+06 10485760
1.29083e+06 12582912
1.29089e+06 10485760
1.29452e+06 12582912
1.29458e+06 10485760
1.29458e+06 50331648
1.29468e+06 10485760
1.29856e+06 12582912
1.29862e+06 10485760
1.30213e+06 12582912
1.30219e+06 10485760
1.30576e+06 12582912
1.30582e+06 10485760
1.30923e+06 12582912
1.30929e+06 10485760
1.31299e+06 12582912
1.31304e+06 10485760
1.31679e+06 12582912
1.31684e+06 10485760
1.3209e+06 12582912
1.32096e+06 10485760
1.32513e+06 12582912
1.32518e+06 10485760
1.32518e+06 50331648
1.32529e+06 10485760
1.32954e+06 12582912
1.32959e+06 10485760
1.33419e+06 12582912
1.33424e+06 10485760
1.33855e+06 12582912
1.33861e+06 10485760
1.34317e+06 12582912
1.34323e+06 10485760
1.34762e+06 12582912
1.34767e+06 10485760
1.35127e+06 12582912
1.35133e+06 10485760
1.35474e+06 12582912
1.3548e+06 10485760
1.3585e+06 12582912
1.35856e+06 10485760
1.35856e+06 50331648
1.35866e+06 10485760
1.35866e+06 201326592
1.35904e+06 10485760
1.36252e+06 12582912
1.36257e+06 10485760
1.36638e+06 12582912
1.36643e+06 10485760
1.36972e+06 12582912
1.36978e+06 10485760
1.37298e+06 12582912
1.37303e+06 10485760
1.37609e+06 12582912
1.37614e+06 10485760
1.37977e+06 12582912
1.37983e+06 10485760
1.38335e+06 12582912
1.3834e+06 10485760
1.38685e+06 12582912
1.38689e+06 10485760
1.38689e+06 50331648
1.38699e+06 10485760
1.39086e+06 12582912
1.39092e+06 10485760
1.39466e+06 12582912
1.39472e+06 10485760
1.39851e+06 12582912
1.39857e+06 10485760
1.40255e+06 12582912
1.4026e+06 10485760
1.40674e+06 12582912
1.4068e+06 10485760
1.41063e+06 12582912
1.41068e+06 10485760
1.41402e+06 12582912
1.41407e+06 10485760
1.41759e+06 12582912
1.41763e+06 10485760
1.41763e+06 50331648
1.41772e+06 10485760
1.42111e+06 12582912
1.42116e+06 10485760
1.42451e+06 12582912
1.42457e+06 10485760
1.42776e+06 12582912
1.42782e+06 10485760
1.43149e+06 12582912
1.43154e+06 10485760
1.43473e+06 12582912
1.43478e+06 10485760
1.43853e+06 12582912
1.43859e+06 10485760
1.44237e+06 12582912
1.44243e+06 10485760
1.4463e+06 12582912
1.44635e+06 10485760
1.44635e+06 50331648
1.44645e+06 10485760
1.4498e+06 12582912
1.44985e+06 10485760
1.45321e+06 12582912
1.45327e+06 10485760
1.4568e+06 12582912
1.45686e+06 10485760
1.46079e+06 12582912
1.46084e+06 10485760
1.46467e+06 12582912
1.46473e+06 10485760
1.46805e+06 12582912
1.4681e+06 10485760
1.47157e+06 12582912
1.47163e+06 10485760
1.47506e+06 12582912
1.47511e+06 10485760
1.47511e+06 50331648
1.47521e+06 10485760
1.47905e+06 12582912
1.4791e+06 10485760
1.48283e+06 12582912
1.48289e+06 10485760
1.48659e+06 12582912
1.48664e+06 10485760
1.49024e+06 12582912
1.49028e+06 10485760
1.49361e+06 12582912
1.49366e+06 10485760
1.49706e+06 12582912
1.49713e+06 10485760
1.50038e+06 12582912
1.50043e+06 10485760
1.50391e+06 12582912
1.50395e+06 10485760
1.50396e+06 50331648
1.50406e+06 10485760
1.50806e+06 12582912
1.50812e+06 10485760
1.51189e+06 12582912
1.51194e+06 10485760
1.51596e+06 12582912
1.51602e+06 10485760
1.52018e+06 12582912
1.52023e+06 10485760
1.52409e+06 12582912
1.52415e+06 10485760
1.52766e+06 12582912
1.52771e+06 10485760
1.53155e+06 12582912
1.53162e+06 10485760
1.53559e+06 12582912
1.53564e+06 10485760
1.53564e+06 50331648
1.53574e+06 10485760
1.53949e+06 12582912
1.53953e+06 10485760
1.54357e+06 12582912
1.54363e+06 10485760
1.54712e+06 12582912
1.54718e+06 10485760
1.55079e+06 12582912
1.55084e+06 10485760
1.55401e+06 12582912
1.55406e+06 10485760
1.55755e+06 12582912
1.55762e+06 10485760
1.56085e+06 12582912
1.5609e+06 10485760
1.56472e+06 12582912
1.56477e+06 10485760
1.56478e+06 50331648
1.56487e+06 10485760
1.5688e+06 12582912
1.56885e+06 10485760
1.57265e+06 12582912
1.5727e+06 10485760
1.57684e+06 12582912
1.57689e+06 10485760
1.58084e+06 12582912
1.5809e+06 10485760
1.58493e+06 12582912
1.58498e+06 10485760
1.58906e+06 12582912
1.58911e+06 10485760
1.59322e+06 12582912
1.59328e+06 10485760
1.59756e+06 12582912
1.59762e+06 10485760
1.59762e+06 50331648
1.59771e+06 10485760
1.59772e+06 201326592
1.59811e+06 10485760
1.60217e+06 12582912
1.60222e+06 10485760
1.60683e+06 12582912
1.60687e+06 10485760
1.61068e+06 12582912
1.61074e+06 10485760
1.61452e+06 12582912
1.61458e+06 10485760
1.61796e+06 12582912
1.61802e+06 10485760
1.62193e+06 12582912
1.62199e+06 10485760
1.6259e+06 12582912
1.62595e+06 10485760
1.62978e+06 12582912
1.62983e+06 10485760
1.62983e+06 50331648
1.62993e+06 10485760
1.63362e+06 12582912
1.63367e+06 10485760
1.63721e+06 12582912
1.63726e+06 10485760
1.64072e+06 12582912
1.64077e+06 10485760
1.64415e+06 12582912
1.6442e+06 10485760
1.64813e+06 12582912
1.64818e+06 10485760
1.65178e+06 12582912
1.65183e+06 10485760
1.65556e+06 12582912
1.65562e+06 10485760
1.6595e+06 12582912
1.65955e+06 10485760
1.65956e+06 50331648
1.65965e+06 10485760
1.66377e+06 12582912
1.66383e+06 10485760
1.66781e+06 12582912
1.66785e+06 10485760
1.67195e+06 12582912
1.67201e+06 10485760
1.67628e+06 12582912
1.67634e+06 10485760
1.68052e+06 12582912
1.68057e+06 10485760
1.68462e+06 12582912
1.68468e+06 10485760
1.68822e+06 12582912
1.68829e+06 10485760
1.69181e+06 12582912
1.69186e+06 10485760
1.69186e+06 50331648
1.69196e+06 10485760
1.69603e+06 12582912
1.69606e+06 10485760
1.70015e+06 12582912
1.70021e+06 10485760
1.70429e+06 12582912
1.70434e+06 10485760
1.70853e+06 12582912
1.70858e+06 10485760
1.71264e+06 12582912
1.71269e+06 10485760
1.71662e+06 12582912
1.71668e+06 10485760
1.72008e+06 12582912
1.72014e+06 10485760
1.72373e+06 12582912
1.72378e+06 10485760
1.72378e+06 50331648
1.72388e+06 10485760
1.72797e+06 12582912
1.72802e+06 10485760
1.73186e+06 12582912
1.73192e+06 10485760
1.73591e+06 12582912
1.73596e+06 10485760
1.73987e+06 12582912
1.73993e+06 10485760
1.74454e+06 12582912
1.74458e+06 10485760
1.74869e+06 12582912
1.74875e+06 10485760
1.75298e+06 12582912
1.75302e+06 10485760
1.75715e+06 12582912
1.7572e+06 10485760
1.7572e+06 50331648
1.7573e+06 10485760
1.76096e+06 12582912
1.76102e+06 10485760
1.76497e+06 12582912
1.76502e+06 10485760
1.76865e+06 12582912
1.7687e+06 10485760
1.77234e+06 12582912
1.77239e+06 10485760
1.77616e+06 12582912
1.77622e+06 10485760
1.78024e+06 12582912
1.78029e+06 10485760
1.78406e+06 12582912
1.78412e+06 10485760
1.78806e+06 12582912
1.78811e+06 10485760
1.78812e+06 50331648
1.78821e+06 10485760
1.79229e+06 12582912
1.79234e+06 10485760
1.79648e+06 12582912
1.79654e+06 10485760
1.80038e+06 12582912
1.80043e+06 10485760
1.80448e+06 12582912
1.80454e+06 10485760
1.80841e+06 12582912
1.80847e+06 10485760
1.81223e+06 12582912
1.81228e+06 10485760
1.81596e+06 12582912
1.816e+06 10485760
1.81932e+06 12582912
1.81938e+06 10485760
1.81938e+06 50331648
1.81948e+06 10485760
1.82301e+06 12582912
1.82307e+06 10485760
1.82685e+06 12582912
1.8269e+06 10485760
1.83097e+06 12582912
1.83102e+06 10485760
1.8356e+06 12582912
1.83567e+06 10485760
1.83976e+06 12582912
1.83982e+06 10485760
1.84327e+06 12582912
1.84332e+06 10485760
1.84683e+06 12582912
1.84688e+06 10485760
1.85057e+06 12582912
1.85063e+06 10485760
1.85063e+06 50331648
1.85072e+06 10485760
1.85072e+06 201326592
1.85111e+06 10485760
1.85111e+06 805306368
1.85264e+06 10485760
