2207.21 12000000
2320.3 12000000
4941.07 12000000
5188.8 12000000
7641.58 12000000
7853.33 12000000
10367.1 12000000
10571.9 12000000
12934.2 12000000
13235.6 12000000
15843.1 12000000
16018.6 12000000
18504.1 12000000
18952.5 12000000
21276.4 12000000
21436.5 12000000
21625.1 48000000
21994.4 48000000
24769.8 12000000
25050.2 12000000
27445 12000000
27592.4 12000000
30270.8 12000000
30507.6 12000000
32879.7 12000000
33177.2 12000000
35846.9 12000000
36102.5 12000000
38439.1 12000000
38646.5 12000000
41823.1 12000000
42096.9 12000000
44606.9 12000000
44832.6 12000000
44849.5 48000000
45213.6 48000000
48370.4 12000000
48654.3 12000000
51541.6 12000000
51727.5 12000000
54492.1 12000000
54685.5 12000000
57626 12000000
57934.4 12000000
60843.3 12000000
61036 12000000
63425.1 12000000
63954.5 12000000
66702.8 12000000
66998.2 12000000
69830.6 12000000
70110.1 12000000
70126.7 48000000
70491.1 48000000
73364.7 12000000
73622.6 12000000
76263.3 12000000
76928.5 12000000
79446.8 12000000
79694 12000000
82389 12000000
82591.7 12000000
85181.9 12000000
85413 12000000
87881.7 12000000
88124.3 12000000
90623.9 12000000
90886.6 12000000
93185.4 12000000
93435.4 12000000
93454.4 48000000
93900.6 48000000
97034.2 12000000
97297.8 12000000
100059 12000000
100331 12000000
103058 12000000
103390 12000000
106302 12000000
106542 12000000
109531 12000000
109715 12000000
112303 12000000
112503 12000000
115632 12000000
115946 12000000
118476 12000000
118734 12000000
118777 48000000
119155 48000000
122680 12000000
123040 12000000
125542 12000000
125726 12000000
128631 12000000
128900 12000000
131523 12000000
131807 12000000
134924 12000000
135212 12000000
137816 12000000
138083 12000000
140885 12000000
141204 12000000
143890 12000000
144165 12000000
144249 48000000
144658 48000000
147993 12000000
148237 12000000
151134 12000000
151362 12000000
154419 12000000
154686 12000000
157509 12000000
157739 12000000
160798 12000000
161002 12000000
163826 12000000
164003 12000000
166637 12000000
166904 12000000
170190 12000000
170445 12000000
170600 48000000
170969 48000000
174348 12000000
174562 12000000
177462 12000000
177732 12000000
180700 12000000
180971 12000000
184217 12000000
184390 12000000
187202 12000000
187455 12000000
190053 12000000
190227 12000000
193244 12000000
193525 12000000
196341 12000000
196537 12000000
196553 48000000
196942 48000000
197079 192000000
199287 192000000
