2049 13204812
2053 10485760
4086 13204812
4088 10485760
6113 13204812
6116 10485760
8160 13204812
8174 10485760
10255 13204812
10278 10485760
12353 13204812
12379 10485760
14424 13204812
14450 10485760
16533 13204812
16560 10485760
16561 52819248
16633 10485760
18714 13204812
18731 10485760
20730 13204812
20749 10485760
22758 13204812
22777 10485760
24898 13204812
24914 10485760
27028 13204812
27063 10485760
29214 13204812
29231 10485760
31331 13204812
31362 10485760
33421 13204812
33449 10485760
33449 52819248
33514 10485760
35559 13204812
35575 10485760
37622 13204812
37637 10485760
39745 13204812
39753 10485760
41782 13204812
41797 10485760
43916 13204812
43945 10485760
46001 13204812
46021 10485760
48131 13204812
48167 10485760
50213 13204812
50228 10485760
50229 52819248
50298 10485760
52372 13204812
52379 10485760
54459 13204812
54474 10485760
56526 13204812
56541 10485760
58643 13204812
58658 10485760
60696 13204812
60725 10485760
62807 13204812
62834 10485760
64920 13204812
64951 10485760
67022 13204812
67055 10485760
67055 52819248
67118 10485760
69289 13204812
69318 10485760
71397 13204812
71425 10485760
73499 13204812
73532 10485760
75569 13204812
75591 10485760
77639 13204812
77672 10485760
79797 13204812
79825 10485760
81918 13204812
81948 10485760
84044 13204812
84075 10485760
84075 52819248
84155 10485760
86213 13204812
86246 10485760
88348 13204812
88376 10485760
90436 13204812
90462 10485760
92490 13204812
92519 10485760
94587 13204812
94617 10485760
96697 13204812
96729 10485760
98861 13204812
98893 10485760
101001 13204812
101031 10485760
101032 52819248
101109 10485760
103249 13204812
103280 10485760
105431 13204812
105459 10485760
107626 13204812
107657 10485760
109789 13204812
109820 10485760
111963 13204812
111998 10485760
114086 13204812
114116 10485760
116257 13204812
116290 10485760
118359 13204812
118389 10485760
118390 52819248
118471 10485760
120614 13204812
120645 10485760
122709 13204812
122736 10485760
124838 13204812
124861 10485760
126932 13204812
126971 10485760
129241 13204812
129270 10485760
131354 13204812
131386 10485760
133542 13204812
133571 10485760
135690 13204812
135719 10485760
135720 52819248
135807 10485760
135807 211276992
136094 10485760
