4226 18750000
4260 10485760
8456 18750000
8490 10485760
12757 18750000
12790 10485760
16818 18750000
16853 10485760
21049 18750000
21084 10485760
25351 18750000
25387 10485760
29652 18750000
29687 10485760
34023 18750000
34054 10485760
34055 75000000
34170 10485760
38544 18750000
38580 10485760
42976 18750000
43013 10485760
47260 18750000
47297 10485760
51587 18750000
51629 10485760
55864 18750000
55902 10485760
60260 18750000
60286 10485760
64510 18750000
64549 10485760
68881 18750000
68917 10485760
68917 75000000
69020 10485760
73465 18750000
73502 10485760
77774 18750000
77812 10485760
82188 18750000
82222 10485760
86488 18750000
86527 10485760
90851 18750000
90889 10485760
95220 18750000
95256 10485760
99608 18750000
99644 10485760
103995 18750000
104030 10485760
104030 75000000
104142 10485760
108460 18750000
108503 10485760
112989 18750000
113028 10485760
117609 18750000
117645 10485760
122048 18750000
122077 10485760
126574 18750000
126612 10485760
130943 18750000
130986 10485760
135349 18750000
135379 10485760
139753 18750000
139792 10485760
139793 75000000
139907 10485760
144285 18750000
144324 10485760
148659 18750000
148700 10485760
153166 18750000
153205 10485760
157516 18750000
157558 10485760
161852 18750000
161893 10485760
166373 18750000
166409 10485760
170891 18750000
170931 10485760
175276 18750000
175315 10485760
175315 75000000
175429 10485760
179870 18750000
179910 10485760
184271 18750000
184310 10485760
188771 18750000
188811 10485760
193303 18750000
193343 10485760
197896 18750000
197934 10485760
202302 18750000
202338 10485760
206838 18750000
206879 10485760
211505 18750000
211546 10485760
211546 75000000
211660 10485760
216099 18750000
216141 10485760
220628 18750000
220668 10485760
225090 18750000
225130 10485760
229633 18750000
229675 10485760
234282 18750000
234324 10485760
238952 18750000
238984 10485760
243575 18750000
243615 10485760
248182 18750000
248221 10485760
248221 75000000
248326 10485760
252916 18750000
252958 10485760
257697 18750000
257741 10485760
262498 18750000
262537 10485760
267133 18750000
267174 10485760
271840 18750000
271882 10485760
276655 18750000
276696 10485760
281409 18750000
281451 10485760
286003 18750000
286043 10485760
286043 75000000
286142 10485760
286142 300000000
286591 10485760
