19838.5 19660800
23906.7 10485760
42569.6 19660800
45535.7 10485760
62889.1 19660800
66239.7 10485760
84651.8 19660800
88177.4 10485760
105194 19660800
110160 10485760
127994 19660800
131565 10485760
150735 19660800
154228 10485760
173170 19660800
176631 10485760
177139 78643200
188308 10485760
205410 19660800
209820 10485760
226528 19660800
230909 10485760
248966 19660800
252587 10485760
271702 19660800
275709 10485760
293352 19660800
297479 10485760
315725 19660800
318882 10485760
338858 19660800
342203 10485760
361542 19660800
365925 10485760
366067 78643200
377686 10485760
398689 19660800
401390 10485760
421066 19660800
424594 10485760
443219 19660800
447757 10485760
468458 19660800
472728 10485760
494020 19660800
497925 10485760
517500 19660800
521729 10485760
539996 19660800
544542 10485760
566037 19660800
570188 10485760
570278 78643200
581190 10485760
600964 19660800
605545 10485760
630242 19660800
634300 10485760
656702 19660800
660088 10485760
683911 19660800
688710 10485760
710344 19660800
714615 10485760
735511 19660800
739403 10485760
760061 19660800
763725 10485760
785869 19660800
789421 10485760
789736 78643200
803540 10485760
824056 19660800
827954 10485760
850989 19660800
853430 10485760
874958 19660800
879271 10485760
901557 19660800
904901 10485760
926620 19660800
931333 10485760
951708 19660800
955753 10485760
975824 19660800
979198 10485760
1.0013e+06 19660800
1.00429e+06 10485760
1.00436e+06 78643200
1.01771e+06 10485760
1.03702e+06 19660800
1.04133e+06 10485760
1.06225e+06 19660800
1.06744e+06 10485760
1.088e+06 19660800
1.09164e+06 10485760
1.12276e+06 19660800
1.12723e+06 10485760
1.15052e+06 19660800
1.15437e+06 10485760
1.17392e+06 19660800
1.17713e+06 10485760
1.19832e+06 19660800
1.20176e+06 10485760
1.2226e+06 19660800
1.2264e+06 10485760
1.22648e+06 78643200
1.23815e+06 10485760
1.25979e+06 19660800
1.2647e+06 10485760
1.28712e+06 19660800
1.29087e+06 10485760
1.31668e+06 19660800
1.32007e+06 10485760
1.34411e+06 19660800
1.34809e+06 10485760
1.37072e+06 19660800
1.37562e+06 10485760
1.39848e+06 19660800
1.40204e+06 10485760
1.42682e+06 19660800
1.43088e+06 10485760
1.45351e+06 19660800
1.45741e+06 10485760
1.45749e+06 78643200
1.46946e+06 10485760
1.49268e+06 19660800
1.49715e+06 10485760
1.52063e+06 19660800
1.5255e+06 10485760
1.54835e+06 19660800
1.55311e+06 10485760
1.57953e+06 19660800
1.5835e+06 10485760
1.60825e+06 19660800
1.61126e+06 10485760
1.63429e+06 19660800
1.63855e+06 10485760
1.66071e+06 19660800
1.66536e+06 10485760
1.68991e+06 19660800
1.69473e+06 10485760
1.6948e+06 78643200
1.70764e+06 10485760
1.70773e+06 314572800
1.75053e+06 10485760
