2504.74 12000000
2720.21 12000000
5071.88 12000000
5290.16 12000000
7647.4 12000000
7837.57 12000000
10456.2 12000000
10676.9 12000000
13048.4 12000000
13269.1 12000000
15692.9 12000000
15801.2 12000000
18216.1 12000000
18689.6 12000000
21183.3 12000000
21409.1 12000000
21431.9 48000000
21785.1 48000000
24634.1 12000000
24897.9 12000000
27351.1 12000000
27618.9 12000000
30368.4 12000000
30514.5 12000000
32866.3 12000000
33079.8 12000000
35861 12000000
36222.2 12000000
38853.2 12000000
39142 12000000
41646.6 12000000
41883.4 12000000
44772.3 12000000
45321.5 12000000
45427.1 48000000
45846 48000000
48980.2 12000000
49268.8 12000000
52005.7 12000000
52260.9 12000000
55032.4 12000000
55224.4 12000000
57866.1 12000000
58042.7 12000000
60766.9 12000000
61065.4 12000000
63627.4 12000000
63929.1 12000000
66350.1 12000000
66625.6 12000000
69051.8 12000000
69418.9 12000000
69458.7 48000000
69794.5 48000000
72951.3 12000000
73232.1 12000000
75861.4 12000000
76103.1 12000000
78554.1 12000000
78953.3 12000000
81745.8 12000000
82040.9 12000000
84870.3 12000000
85144 12000000
87730.3 12000000
88026.7 12000000
90561.5 12000000
90830 12000000
93530.3 12000000
93936.6 12000000
93962.4 48000000
94292.7 48000000
97423.8 12000000
97627.8 12000000
100457 12000000
100722 12000000
103392 12000000
103687 12000000
106692 12000000
106959 12000000
109259 12000000
109579 12000000
112493 12000000
112743 12000000
115726 12000000
115977 12000000
118435 12000000
118777 12000000
118793 48000000
119210 48000000
122536 12000000
122877 12000000
125862 12000000
126114 12000000
128971 12000000
129209 12000000
132122 12000000
132408 12000000
135814 12000000
136156 12000000
138948 12000000
139266 12000000
142241 12000000
142548 12000000
145333 12000000
145658 12000000
145730 48000000
146082 48000000
149434 12000000
149772 12000000
152926 12000000
153268 12000000
156502 12000000
156802 12000000
159761 12000000
160082 12000000
163245 12000000
163547 12000000
166528 12000000
166803 12000000
169429 12000000
169622 12000000
172905 12000000
173198 12000000
173260 48000000
173675 48000000
177139 12000000
177439 12000000
180789 12000000
181060 12000000
183957 12000000
184238 12000000
187382 12000000
187721 12000000
190775 12000000
191060 12000000
193934 12000000
194189 12000000
196825 12000000
197107 12000000
199901 12000000
200188 12000000
200237 48000000
200906 48000000
201101 192000000
202455 192000000
207053 12000000
207387 12000000
211003 12000000
211196 12000000
214179 12000000
214441 12000000
217788 12000000
218031 12000000
220880 12000000
221179 12000000
224214 12000000
224477 12000000
227790 12000000
228135 12000000
231441 12000000
231699 12000000
231771 48000000
232208 48000000
235917 12000000
236196 12000000
239275 12000000
239568 12000000
243101 12000000
243403 12000000
246319 12000000
246589 12000000
249519 12000000
249903 12000000
253337 12000000
253642 12000000
256640 12000000
256937 12000000
259979 12000000
260291 12000000
260354 48000000
261052 48000000
264255 12000000
264657 12000000
267698 12000000
268028 12000000
271198 12000000
271510 12000000
274699 12000000
275000 12000000
278258 12000000
278518 12000000
281958 12000000
282212 12000000
285451 12000000
286016 12000000
289143 12000000
289479 12000000
289548 48000000
290018 48000000
293434 12000000
293681 12000000
297070 12000000
297414 12000000
300462 12000000
301032 12000000
304004 12000000
304330 12000000
307647 12000000
307949 12000000
311022 12000000
311268 12000000
314715 12000000
315020 12000000
318107 12000000
318384 12000000
318484 48000000
318842 48000000
322116 12000000
322394 12000000
325383 12000000
325876 12000000
328792 12000000
329104 12000000
332143 12000000
332388 12000000
335410 12000000
335919 12000000
339294 12000000
339619 12000000
342987 12000000
343271 12000000
346387 12000000
346687 12000000
346810 48000000
347270 48000000
351163 12000000
351484 12000000
354497 12000000
354740 12000000
357748 12000000
358045 12000000
361165 12000000
361492 12000000
364691 12000000
365054 12000000
368275 12000000
368570 12000000
372159 12000000
372441 12000000
375751 12000000
376088 12000000
376118 48000000
376477 48000000
380560 12000000
380955 12000000
384303 12000000
384698 12000000
388337 12000000
388607 12000000
392454 12000000
392853 12000000
396580 12000000
396864 12000000
400830 12000000
401135 12000000
404265 12000000
404547 12000000
407598 12000000
407916 12000000
407971 48000000
408378 48000000
412750 12000000
413087 12000000
416426 12000000
416743 12000000
420318 12000000
420664 12000000
424385 12000000
424835 12000000
427944 12000000
428256 12000000
431512 12000000
432174 12000000
435387 12000000
435774 12000000
439380 12000000
439672 12000000
439704 48000000
440134 48000000
440397 192000000
441751 192000000
447273 12000000
447574 12000000
450932 12000000
451278 12000000
455016 12000000
455479 12000000
459117 12000000
459393 12000000
463351 12000000
463578 12000000
466718 12000000
466977 12000000
470261 12000000
470507 12000000
474003 12000000
474523 12000000
474547 48000000
474893 48000000
478804 12000000
479133 12000000
482821 12000000
483128 12000000
486580 12000000
486984 12000000
490606 12000000
490928 12000000
494657 12000000
495011 12000000
498282 12000000
498586 12000000
503167 12000000
503571 12000000
506818 12000000
507171 12000000
507224 48000000
507953 48000000
511927 12000000
512372 12000000
517661 12000000
517955 12000000
520953 12000000
521172 12000000
524579 12000000
524874 12000000
528496 12000000
528767 12000000
532022 12000000
532359 12000000
535681 12000000
535985 12000000
539749 12000000
540177 12000000
540196 48000000
540664 48000000
544924 12000000
545235 12000000
548984 12000000
549346 12000000
552843 12000000
553099 12000000
556269 12000000
556731 12000000
560328 12000000
560685 12000000
564078 12000000
564436 12000000
567963 12000000
568154 12000000
571446 12000000
571722 12000000
571802 48000000
572203 48000000
576661 12000000
576968 12000000
580031 12000000
580402 12000000
583849 12000000
584195 12000000
587424 12000000
587878 12000000
591309 12000000
591844 12000000
595600 12000000
595849 12000000
599352 12000000
599755 12000000
603394 12000000
603647 12000000
603683 48000000
604110 48000000
607703 12000000
608268 12000000
611704 12000000
612081 12000000
615455 12000000
615809 12000000
619514 12000000
619826 12000000
623148 12000000
623535 12000000
626490 12000000
626882 12000000
630741 12000000
631186 12000000
634808 12000000
635204 12000000
635234 48000000
635590 48000000
639559 12000000
639971 12000000
643484 12000000
643797 12000000
647269 12000000
647598 12000000
651237 12000000
651640 12000000
655403 12000000
655741 12000000
659162 12000000
659475 12000000
663439 12000000
663909 12000000
667131 12000000
667375 12000000
667399 48000000
668151 48000000
672366 12000000
672735 12000000
676858 12000000
677212 12000000
681342 12000000
681654 12000000
685893 12000000
686313 12000000
689894 12000000
690289 12000000
693920 12000000
694232 12000000
697745 12000000
698291 12000000
702061 12000000
702382 12000000
702493 48000000
702929 48000000
703470 192000000
704677 192000000
709839 12000000
710343 12000000
713798 12000000
714227 12000000
717824 12000000
718211 12000000
722075 12000000
722720 12000000
725976 12000000
726296 12000000
730001 12000000
730322 12000000
734077 12000000
734489 12000000
738653 12000000
739157 12000000
739205 48000000
739654 48000000
744321 12000000
744749 12000000
748672 12000000
749092 12000000
753673 12000000
754068 12000000
757473 12000000
758194 12000000
761932 12000000
762286 12000000
766242 12000000
766670 12000000
770701 12000000
771096 12000000
774918 12000000
775298 12000000
775322 48000000
775801 48000000
780148 12000000
780417 12000000
784037 12000000
784365 12000000
788171 12000000
788590 12000000
792271 12000000
792687 12000000
796905 12000000
797309 12000000
801090 12000000
801435 12000000
805166 12000000
805603 12000000
809808 12000000
810137 12000000
810155 48000000
810797 48000000
815926 12000000
816413 12000000
820352 12000000
820744 12000000
824294 12000000
824798 12000000
828578 12000000
828999 12000000
832504 12000000
833341 12000000
836855 12000000
837267 12000000
841022 12000000
841426 12000000
845439 12000000
845715 12000000
845756 48000000
846206 48000000
850699 12000000
851119 12000000
855533 12000000
855799 12000000
859956 12000000
860379 12000000
864352 12000000
864776 12000000
868628 12000000
868973 12000000
872561 12000000
873290 12000000
876896 12000000
877358 12000000
881830 12000000
882200 12000000
882228 48000000
882721 48000000
887414 12000000
888293 12000000
891857 12000000
892361 12000000
896108 12000000
896510 12000000
900709 12000000
901146 12000000
905093 12000000
905596 12000000
909502 12000000
909906 12000000
914086 12000000
914523 12000000
918128 12000000
918457 12000000
918535 48000000
918904 48000000
923229 12000000
923574 12000000
927414 12000000
927767 12000000
931289 12000000
931755 12000000
935649 12000000
936044 12000000
939949 12000000
940269 12000000
943942 12000000
944279 12000000
947851 12000000
948513 12000000
952684 12000000
953355 12000000
953419 48000000
953818 48000000
960728 12000000
961290 12000000
965571 12000000
965983 12000000
970355 12000000
970690 12000000
974514 12000000
974893 12000000
978998 12000000
979369 12000000
983499 12000000
983853 12000000
987693 12000000
988579 12000000
992234 12000000
992605 12000000
992642 48000000
993422 48000000
993775 192000000
995089 192000000
1.00088e+06 12000000
1.00116e+06 12000000
1.0049e+06 12000000
1.00532e+06 12000000
1.00936e+06 12000000
1.00975e+06 12000000
1.01338e+06 12000000
1.0138e+06 12000000
1.01772e+06 12000000
1.01809e+06 12000000
1.02184e+06 12000000
1.02215e+06 12000000
1.02615e+06 12000000
1.02648e+06 12000000
1.03088e+06 12000000
1.03124e+06 12000000
1.03133e+06 48000000
1.03181e+06 48000000
1.03661e+06 12000000
1.03684e+06 12000000
1.0409e+06 12000000
1.04126e+06 12000000
1.04535e+06 12000000
1.04577e+06 12000000
1.05058e+06 12000000
1.05093e+06 12000000
1.05553e+06 12000000
1.05593e+06 12000000
1.06026e+06 12000000
1.06059e+06 12000000
1.06477e+06 12000000
1.06518e+06 12000000
1.06948e+06 12000000
1.06977e+06 12000000
1.06978e+06 48000000
1.0702e+06 48000000
1.07463e+06 12000000
1.07494e+06 12000000
1.07937e+06 12000000
1.07975e+06 12000000
1.08438e+06 12000000
1.0847e+06 12000000
1.08917e+06 12000000
1.08958e+06 12000000
1.09367e+06 12000000
1.09399e+06 12000000
1.09844e+06 12000000
1.09877e+06 12000000
1.10347e+06 12000000
1.10383e+06 12000000
1.10803e+06 12000000
1.1084e+06 12000000
1.10842e+06 48000000
1.10888e+06 48000000
1.11357e+06 12000000
1.11396e+06 12000000
1.11846e+06 12000000
1.11881e+06 12000000
1.12248e+06 12000000
1.12284e+06 12000000
1.12712e+06 12000000
1.1275e+06 12000000
1.13179e+06 12000000
1.13226e+06 12000000
1.13666e+06 12000000
1.137e+06 12000000
1.14172e+06 12000000
1.14206e+06 12000000
1.14662e+06 12000000
1.14693e+06 12000000
1.14699e+06 48000000
1.14746e+06 48000000
1.15253e+06 12000000
1.15285e+06 12000000
1.15729e+06 12000000
1.15765e+06 12000000
1.16227e+06 12000000
1.16251e+06 12000000
1.16668e+06 12000000
1.16705e+06 12000000
1.17108e+06 12000000
1.1715e+06 12000000
1.17599e+06 12000000
1.17642e+06 12000000
1.1808e+06 12000000
1.18108e+06 12000000
1.18533e+06 12000000
1.18573e+06 12000000
1.18577e+06 48000000
1.18629e+06 48000000
1.1918e+06 12000000
1.19219e+06 12000000
1.19659e+06 12000000
1.19691e+06 12000000
1.20125e+06 12000000
1.20164e+06 12000000
1.20642e+06 12000000
1.20681e+06 12000000
1.21138e+06 12000000
1.21175e+06 12000000
1.21683e+06 12000000
1.21717e+06 12000000
1.22204e+06 12000000
1.22237e+06 12000000
1.2273e+06 12000000
1.22766e+06 12000000
1.22775e+06 48000000
1.22857e+06 48000000
1.2336e+06 12000000
1.23392e+06 12000000
1.23867e+06 12000000
1.23894e+06 12000000
1.24364e+06 12000000
1.24394e+06 12000000
1.24892e+06 12000000
1.2493e+06 12000000
1.25439e+06 12000000
1.25475e+06 12000000
1.25921e+06 12000000
1.25953e+06 12000000
1.26378e+06 12000000
1.26405e+06 12000000
1.26884e+06 12000000
1.26923e+06 12000000
1.26925e+06 48000000
1.26969e+06 48000000
1.27541e+06 12000000
1.27572e+06 12000000
1.2807e+06 12000000
1.28128e+06 12000000
1.28633e+06 12000000
1.28668e+06 12000000
1.29414e+06 12000000
1.29442e+06 12000000
1.29881e+06 12000000
1.29903e+06 12000000
1.30385e+06 12000000
1.30415e+06 12000000
1.30889e+06 12000000
1.30915e+06 12000000
1.313e+06 12000000
1.31354e+06 12000000
1.31356e+06 48000000
1.31399e+06 48000000
1.31423e+06 192000000
1.31554e+06 192000000
1.32261e+06 12000000
1.32291e+06 12000000
1.32962e+06 12000000
1.32996e+06 12000000
1.33461e+06 12000000
1.3349e+06 12000000
1.34011e+06 12000000
1.34045e+06 12000000
1.34656e+06 12000000
1.3468e+06 12000000
1.35252e+06 12000000
1.35282e+06 12000000
1.35904e+06 12000000
1.35946e+06 12000000
1.36488e+06 12000000
1.36539e+06 12000000
1.36541e+06 48000000
1.36586e+06 48000000
1.37218e+06 12000000
1.37289e+06 12000000
1.37816e+06 12000000
1.37839e+06 12000000
1.38397e+06 12000000
1.3843e+06 12000000
1.39049e+06 12000000
1.39076e+06 12000000
1.39619e+06 12000000
1.39642e+06 12000000
1.40369e+06 12000000
1.40396e+06 12000000
1.41074e+06 12000000
1.41106e+06 12000000
1.41727e+06 12000000
1.41761e+06 12000000
1.41783e+06 48000000
1.41817e+06 48000000
1.42501e+06 12000000
1.42525e+06 12000000
1.43147e+06 12000000
1.43176e+06 12000000
1.43763e+06 12000000
1.43826e+06 12000000
1.44445e+06 12000000
1.44466e+06 12000000
1.45084e+06 12000000
1.45109e+06 12000000
1.45706e+06 12000000
1.45732e+06 12000000
1.46353e+06 12000000
1.46393e+06 12000000
1.46954e+06 12000000
1.46976e+06 12000000
1.46982e+06 48000000
1.47024e+06 48000000
1.47969e+06 12000000
1.47998e+06 12000000
1.48742e+06 12000000
1.4877e+06 12000000
1.49581e+06 12000000
1.49611e+06 12000000
1.50369e+06 12000000
1.50408e+06 12000000
1.51057e+06 12000000
1.51091e+06 12000000
1.51848e+06 12000000
1.51901e+06 12000000
1.5261e+06 12000000
1.5265e+06 12000000
1.53415e+06 12000000
1.53449e+06 12000000
1.53452e+06 48000000
1.53498e+06 48000000
1.54357e+06 12000000
1.54383e+06 12000000
1.55155e+06 12000000
1.55177e+06 12000000
1.56013e+06 12000000
1.56039e+06 12000000
1.56962e+06 12000000
1.56986e+06 12000000
1.57919e+06 12000000
1.57944e+06 12000000
1.58928e+06 12000000
1.58954e+06 12000000
1.59812e+06 12000000
1.59835e+06 12000000
1.60688e+06 12000000
1.60719e+06 12000000
1.60721e+06 48000000
1.60767e+06 48000000
1.61798e+06 12000000
1.61827e+06 12000000
1.62709e+06 12000000
1.62743e+06 12000000
1.63678e+06 12000000
1.63706e+06 12000000
1.64557e+06 12000000
1.64582e+06 12000000
1.65464e+06 12000000
1.65527e+06 12000000
1.66657e+06 12000000
1.6669e+06 12000000
1.67902e+06 12000000
1.67927e+06 12000000
1.69147e+06 12000000
1.69179e+06 12000000
1.69187e+06 48000000
1.69231e+06 48000000
1.70263e+06 12000000
1.70287e+06 12000000
1.71214e+06 12000000
1.71242e+06 12000000
1.72239e+06 12000000
1.72267e+06 12000000
1.73347e+06 12000000
1.73373e+06 12000000
1.74396e+06 12000000
1.74423e+06 12000000
1.75591e+06 12000000
1.75614e+06 12000000
1.76788e+06 12000000
1.76811e+06 12000000
1.77775e+06 12000000
1.7781e+06 12000000
1.77813e+06 48000000
1.77851e+06 48000000
1.78899e+06 12000000
1.78934e+06 12000000
1.79892e+06 12000000
1.79923e+06 12000000
1.8091e+06 12000000
1.80944e+06 12000000
1.81901e+06 12000000
1.81938e+06 12000000
1.82647e+06 12000000
1.82679e+06 12000000
1.8323e+06 12000000
1.83258e+06 12000000
1.83751e+06 12000000
1.83781e+06 12000000
1.84317e+06 12000000
1.84351e+06 12000000
1.84356e+06 48000000
1.84403e+06 48000000
1.84421e+06 192000000
1.84595e+06 192000000
1.85281e+06 12000000
1.85302e+06 12000000
1.85837e+06 12000000
1.85859e+06 12000000
1.86488e+06 12000000
1.86513e+06 12000000
1.87115e+06 12000000
1.87141e+06 12000000
1.87723e+06 12000000
1.87756e+06 12000000
1.88414e+06 12000000
1.88447e+06 12000000
1.89102e+06 12000000
1.89138e+06 12000000
1.89729e+06 12000000
1.89815e+06 12000000
1.89819e+06 48000000
1.89887e+06 48000000
1.90635e+06 12000000
1.90656e+06 12000000
1.91274e+06 12000000
1.91297e+06 12000000
1.92062e+06 12000000
1.92083e+06 12000000
1.92998e+06 12000000
1.93029e+06 12000000
1.93948e+06 12000000
1.93998e+06 12000000
1.94637e+06 12000000
1.9466e+06 12000000
1.95218e+06 12000000
1.95251e+06 12000000
1.95742e+06 12000000
1.95769e+06 12000000
1.95774e+06 48000000
1.95815e+06 48000000
1.96396e+06 12000000
1.96422e+06 12000000
1.96889e+06 12000000
1.96925e+06 12000000
1.97487e+06 12000000
1.97547e+06 12000000
1.98121e+06 12000000
1.98149e+06 12000000
1.98786e+06 12000000
1.98812e+06 12000000
1.99312e+06 12000000
1.99345e+06 12000000
1.99894e+06 12000000
1.99925e+06 12000000
2.00486e+06 12000000
2.00557e+06 12000000
2.00561e+06 48000000
2.00605e+06 48000000
2.01268e+06 12000000
2.01293e+06 12000000
2.01877e+06 12000000
2.01915e+06 12000000
2.02511e+06 12000000
2.02543e+06 12000000
2.0318e+06 12000000
2.03205e+06 12000000
2.03795e+06 12000000
2.03816e+06 12000000
2.04499e+06 12000000
2.04538e+06 12000000
2.05221e+06 12000000
2.05253e+06 12000000
2.05827e+06 12000000
2.05856e+06 12000000
2.05858e+06 48000000
2.05902e+06 48000000
2.06585e+06 12000000
2.06609e+06 12000000
2.07284e+06 12000000
2.07312e+06 12000000
2.08096e+06 12000000
2.08125e+06 12000000
2.08807e+06 12000000
2.08835e+06 12000000
2.09894e+06 12000000
2.09922e+06 12000000
2.10526e+06 12000000
2.10548e+06 12000000
2.11245e+06 12000000
2.11277e+06 12000000
2.121e+06 12000000
2.12128e+06 12000000
2.12131e+06 48000000
2.12181e+06 48000000
2.12839e+06 12000000
2.1287e+06 12000000
2.13452e+06 12000000
2.13478e+06 12000000
2.13967e+06 12000000
2.13999e+06 12000000
2.14517e+06 12000000
2.14545e+06 12000000
2.15116e+06 12000000
2.15184e+06 12000000
2.15736e+06 12000000
2.15764e+06 12000000
2.16322e+06 12000000
2.16349e+06 12000000
2.16941e+06 12000000
2.16971e+06 12000000
2.1698e+06 48000000
2.17021e+06 48000000
2.17642e+06 12000000
2.17676e+06 12000000
2.18273e+06 12000000
2.18294e+06 12000000
2.18952e+06 12000000
2.18973e+06 12000000
2.19773e+06 12000000
2.19807e+06 12000000
2.20578e+06 12000000
2.20612e+06 12000000
2.21253e+06 12000000
2.21313e+06 12000000
2.21939e+06 12000000
2.21973e+06 12000000
2.22589e+06 12000000
2.22628e+06 12000000
2.2263e+06 48000000
2.22676e+06 48000000
2.23301e+06 12000000
2.23322e+06 12000000
2.23858e+06 12000000
2.23896e+06 12000000
2.24587e+06 12000000
2.24613e+06 12000000
2.25187e+06 12000000
2.25212e+06 12000000
2.25818e+06 12000000
2.25838e+06 12000000
2.2635e+06 12000000
2.26387e+06 12000000
2.26942e+06 12000000
2.26972e+06 12000000
2.27457e+06 12000000
2.2749e+06 12000000
2.27494e+06 48000000
2.27543e+06 48000000
2.27563e+06 192000000
2.27767e+06 192000000
2.28467e+06 12000000
2.28492e+06 12000000
2.28952e+06 12000000
2.28992e+06 12000000
2.29464e+06 12000000
2.2949e+06 12000000
2.29961e+06 12000000
2.29988e+06 12000000
2.30553e+06 12000000
2.30585e+06 12000000
2.31036e+06 12000000
2.31074e+06 12000000
2.31577e+06 12000000
2.31618e+06 12000000
2.32179e+06 12000000
2.32207e+06 12000000
2.32213e+06 48000000
2.32261e+06 48000000
2.32801e+06 12000000
2.32836e+06 12000000
2.33313e+06 12000000
2.33378e+06 12000000
2.3385e+06 12000000
2.33877e+06 12000000
2.34469e+06 12000000
2.34499e+06 12000000
2.35066e+06 12000000
2.35086e+06 12000000
2.35543e+06 12000000
2.3557e+06 12000000
2.36022e+06 12000000
2.36045e+06 12000000
2.3657e+06 12000000
2.36601e+06 12000000
2.36603e+06 48000000
2.3665e+06 48000000
2.37142e+06 12000000
2.37183e+06 12000000
2.37724e+06 12000000
2.37747e+06 12000000
2.38236e+06 12000000
2.38261e+06 12000000
2.38765e+06 12000000
2.38794e+06 12000000
2.39403e+06 12000000
2.39438e+06 12000000
2.39961e+06 12000000
2.39992e+06 12000000
2.40598e+06 12000000
2.40622e+06 12000000
2.41129e+06 12000000
2.41177e+06 12000000
2.41181e+06 48000000
2.41231e+06 48000000
2.41965e+06 12000000
2.41987e+06 12000000
2.4252e+06 12000000
2.42547e+06 12000000
2.43011e+06 12000000
2.4304e+06 12000000
2.43587e+06 12000000
2.43613e+06 12000000
2.44112e+06 12000000
2.44143e+06 12000000
2.44704e+06 12000000
2.44725e+06 12000000
2.45333e+06 12000000
2.45358e+06 12000000
2.45851e+06 12000000
2.45894e+06 12000000
2.45896e+06 48000000
2.45947e+06 48000000
2.46492e+06 12000000
2.46514e+06 12000000
2.46988e+06 12000000
2.47011e+06 12000000
2.47595e+06 12000000
2.47632e+06 12000000
2.48217e+06 12000000
2.48244e+06 12000000
2.488e+06 12000000
2.48825e+06 12000000
2.49344e+06 12000000
2.49367e+06 12000000
2.49956e+06 12000000
2.49983e+06 12000000
2.50684e+06 12000000
2.50737e+06 12000000
2.50738e+06 48000000
2.50779e+06 48000000
2.51384e+06 12000000
2.51413e+06 12000000
2.52156e+06 12000000
2.52192e+06 12000000
2.52853e+06 12000000
2.52872e+06 12000000
2.53535e+06 12000000
2.53624e+06 12000000
2.54265e+06 12000000
2.5429e+06 12000000
2.54927e+06 12000000
2.54958e+06 12000000
2.55616e+06 12000000
2.55639e+06 12000000
2.56191e+06 12000000
2.56221e+06 12000000
2.56223e+06 48000000
2.56263e+06 48000000
2.56888e+06 12000000
2.56909e+06 12000000
2.57419e+06 12000000
2.57449e+06 12000000
2.57969e+06 12000000
2.57989e+06 12000000
2.58446e+06 12000000
2.58478e+06 12000000
2.58969e+06 12000000
2.59001e+06 12000000
2.59608e+06 12000000
2.59634e+06 12000000
2.60219e+06 12000000
2.60238e+06 12000000
2.60712e+06 12000000
2.60764e+06 12000000
2.60767e+06 48000000
2.60842e+06 48000000
2.6138e+06 12000000
2.61399e+06 12000000
2.61894e+06 12000000
2.61924e+06 12000000
2.62337e+06 12000000
2.62398e+06 12000000
2.62915e+06 12000000
2.62951e+06 12000000
2.63403e+06 12000000
2.63425e+06 12000000
2.64087e+06 12000000
2.64123e+06 12000000
2.64635e+06 12000000
2.64671e+06 12000000
2.65207e+06 12000000
2.65242e+06 12000000
2.65244e+06 48000000
2.65297e+06 48000000
2.65334e+06 192000000
2.65488e+06 192000000
2.65623e+06 768000000
2.66128e+06 768000000
