404.739 41943040
405.01 10485760
466.623 41943040
466.782 10485760
525.94 41943040
526.088 10485760
554.678 41943040
554.821 10485760
712.873 41943040
713.036 10485760
825.082 41943040
825.241 10485760
930.184 41943040
930.52 10485760
964.93 41943040
965.088 10485760
965.092 41943040
965.613 10485760
1037.84 41943040
1038 10485760
1069.5 41943040
1069.64 10485760
1133.05 41943040
1133.24 10485760
1281.92 41943040
1282.11 10485760
1312.69 41943040
1312.84 10485760
1525.68 41943040
1525.89 10485760
1553.93 41943040
1554.07 10485760
1581.43 41943040
1581.57 10485760
1581.57 41943040
1582.08 10485760
1643.28 41943040
1643.42 10485760
1818.96 41943040
1819.17 10485760
1918.18 41943040
1918.48 10485760
1976.09 41943040
1976.24 10485760
2003.68 41943040
2003.82 10485760
2031.62 41943040
2031.76 10485760
2169.83 41943040
2170.16 10485760
2203.9 41943040
2204.04 10485760
2204.05 41943040
2204.58 10485760
2232.69 41943040
2232.83 10485760
2260.75 41943040
2260.89 10485760
2406.11 41943040
2406.27 10485760
2441.85 41943040
2442.02 10485760
2470.69 41943040
2470.85 10485760
2499.47 41943040
2499.62 10485760
2528.05 41943040
2528.22 10485760
2556.65 41943040
2556.79 10485760
2556.8 41943040
2557.35 10485760
2772.24 41943040
2772.58 10485760
2944.82 41943040
2945.02 10485760
3130.37 41943040
3130.56 10485760
3161.71 41943040
3161.86 10485760
3389.66 41943040
3389.88 10485760
3476.4 41943040
3476.62 10485760
3507.27 41943040
3507.43 10485760
3535.9 41943040
3536.05 10485760
3536.05 41943040
3536.59 10485760
3565.5 41943040
3565.66 10485760
3634.01 41943040
3634.25 10485760
3674.33 41943040
3674.48 10485760
3743.16 41943040
3743.34 10485760
3786.83 41943040
3786.98 10485760
3815.63 41943040
3815.78 10485760
3844.45 41943040
3844.6 10485760
3873.44 41943040
3873.59 10485760
3873.6 41943040
3874.17 10485760
4102.39 41943040
4102.75 10485760
4202.46 41943040
4202.64 10485760
4293.72 41943040
4293.89 10485760
4323.03 41943040
4323.19 10485760
4352.25 41943040
4352.4 10485760
4381.41 41943040
4381.56 10485760
4410.7 41943040
4410.86 10485760
4439.9 41943040
4440.06 10485760
4440.06 41943040
4440.61 10485760
4585.25 41943040
4585.44 10485760
4641.04 41943040
4641.24 10485760
4670.52 41943040
4670.69 10485760
4699.79 41943040
4699.94 10485760
4728.92 41943040
4729.08 10485760
4758.09 41943040
4758.25 10485760
4787.26 41943040
4787.42 10485760
4816.4 41943040
4816.56 10485760
4816.56 41943040
4817.13 10485760
4817.13 41943040
4819.37 10485760
4917.58 41943040
4917.77 10485760
4951.73 41943040
4951.92 10485760
4987.43 41943040
4987.61 10485760
5031.55 41943040
5031.73 10485760
5061.98 41943040
5062.14 10485760
5091.21 41943040
5091.37 10485760
5120.15 41943040
5120.3 10485760
5149.16 41943040
5149.32 10485760
5149.32 41943040
5149.87 10485760
5434.67 41943040
5434.9 10485760
5464.85 41943040
5465.02 10485760
5574.59 41943040
5574.76 10485760
5618.62 41943040
5618.79 10485760
5709.73 41943040
5709.95 10485760
5741.65 41943040
5741.82 10485760
5770.87 41943040
5771.02 10485760
5800 41943040
5800.15 10485760
5800.16 41943040
5800.71 10485760
5954.32 41943040
5954.49 10485760
6078.95 41943040
6079.15 10485760
6135.31 41943040
6135.48 10485760
6164.76 41943040
6164.92 10485760
6194.05 41943040
6194.21 10485760
6223.4 41943040
6223.55 10485760
6252.77 41943040
6252.93 10485760
6282.02 41943040
6282.18 10485760
6282.18 41943040
6282.73 10485760
6312.15 41943040
6312.31 10485760
6382.91 41943040
6383.12 10485760
6412.72 41943040
6412.88 10485760
6442.25 41943040
6442.42 10485760
6471.54 41943040
6471.7 10485760
6500.88 41943040
6501.03 10485760
6530.16 41943040
6530.31 10485760
6559.34 41943040
6559.5 10485760
6559.51 41943040
6560.12 10485760
6670.71 41943040
6670.95 10485760
6717.58 41943040
6717.76 10485760
6746.92 41943040
6747.09 10485760
6776.51 41943040
6776.67 10485760
6992.21 41943040
6992.44 10485760
7023.47 41943040
7023.63 10485760
7052.64 41943040
7052.79 10485760
7081.81 41943040
7081.96 10485760
7081.97 41943040
7082.52 10485760
7114.71 41943040
7114.88 10485760
7360.03 41943040
7360.26 10485760
7389.85 41943040
7390.01 10485760
7419.01 41943040
7419.18 10485760
7672.45 41943040
7672.7 10485760
7703.71 41943040
7703.88 10485760
7732.93 41943040
7733.09 10485760
7762.13 41943040
7762.3 10485760
7762.3 41943040
7762.85 10485760
7791.98 41943040
7792.13 10485760
7821.03 41943040
7821.19 10485760
7850.08 41943040
7850.24 10485760
7878.97 41943040
7879.11 10485760
7907.82 41943040
7907.96 10485760
7936.63 41943040
7936.78 10485760
7965.45 41943040
7965.59 10485760
7994.3 41943040
7994.44 10485760
7994.44 41943040
7994.97 10485760
8023.66 41943040
8023.8 10485760
8052.42 41943040
8052.57 10485760
8081.04 41943040
8081.19 10485760
8109.74 41943040
8109.89 10485760
8138.34 41943040
8138.48 10485760
8167.03 41943040
8167.17 10485760
8195.84 41943040
8195.98 10485760
8224.74 41943040
8224.88 10485760
8224.89 41943040
8225.43 10485760
8225.43 41943040
8228 10485760
8667.04 41943040
8667.32 10485760
9984.58 41943040
9984.76 10485760
10194.7 41943040
10194.9 10485760
10224.1 41943040
10224.2 10485760
10438.8 41943040
10439 10485760
10581.9 41943040
10582.2 10485760
10613.5 41943040
10613.7 10485760
10642.6 41943040
10642.8 10485760
10642.8 41943040
10643.4 10485760
10672.8 41943040
10673 10485760
10702.4 41943040
10702.6 10485760
10731.8 41943040
10732 10485760
10761.3 41943040
10761.4 10485760
10790.6 41943040
10790.8 10485760
10819.9 41943040
10820.1 10485760
10849.1 41943040
10849.2 10485760
10878.2 41943040
10878.4 10485760
10878.4 41943040
10878.9 10485760
11034.3 41943040
11034.5 10485760
11100.2 41943040
11100.4 10485760
12752.8 41943040
12753.1 10485760
12796.3 41943040
12796.4 10485760
12825.4 41943040
12825.6 10485760
12854.4 41943040
12854.6 10485760
12902.6 41943040
12903 10485760
12938.1 41943040
12938.2 10485760
12938.2 41943040
12938.8 10485760
12969.6 41943040
12969.7 10485760
13019.7 41943040
13019.9 10485760
13049.5 41943040
13049.7 10485760
13102 41943040
13102.2 10485760
13131 41943040
13131.1 10485760
13159.8 41943040
13160 10485760
13188.7 41943040
13188.9 10485760
13217.6 41943040
13217.8 10485760
13217.8 41943040
13218.3 10485760
14318.6 41943040
14318.8 10485760
14349.7 41943040
14349.8 10485760
14380.1 41943040
14380.2 10485760
14409.4 41943040
14409.6 10485760
14465.9 41943040
14466.1 10485760
14886.2 41943040
14886.4 10485760
15043.9 41943040
15044.2 10485760
15078.9 41943040
15079 10485760
15079 41943040
15079.6 10485760
15493.8 41943040
15494.1 10485760
15525.9 41943040
15526.1 10485760
15555.3 41943040
15555.4 10485760
15584.6 41943040
15584.8 10485760
15613.9 41943040
15614 10485760
15643.1 41943040
15643.2 10485760
15672.2 41943040
15672.4 10485760
15701.4 41943040
15701.5 10485760
15701.5 41943040
15702.1 10485760
15851.6 41943040
15851.8 10485760
15881 41943040
15881.2 10485760
15989.5 41943040
15989.7 10485760
16020.5 41943040
16020.7 10485760
16049.7 41943040
16049.9 10485760
16078.9 41943040
16079.1 10485760
16236.8 41943040
16237.1 10485760
16266.1 41943040
16266.3 10485760
16266.3 41943040
16266.9 10485760
16296.1 41943040
16296.2 10485760
16325.4 41943040
16325.5 10485760
16354.7 41943040
16354.9 10485760
16384.1 41943040
16384.2 10485760
16413.2 41943040
16413.4 10485760
16442.3 41943040
16442.5 10485760
16471.5 41943040
16471.6 10485760
16500.6 41943040
16500.7 10485760
16500.7 41943040
16501.3 10485760
16501.3 41943040
16505.2 10485760
17781.6 41943040
17781.8 10485760
18022.9 41943040
18023 10485760
18128.5 41943040
18128.8 10485760
19053.6 41943040
19053.8 10485760
19166.6 41943040
19166.8 10485760
19247.3 41943040
19247.5 10485760
19303.9 41943040
19304.2 10485760
19337.3 41943040
19337.4 10485760
19337.5 41943040
19338 10485760
19367.5 41943040
19367.7 10485760
19487.2 41943040
19928.9 10485760
20215 41943040
20215.2 10485760
20244.6 41943040
20244.8 10485760
20301.6 41943040
20301.8 10485760
20332 41943040
20332.1 10485760
20361.2 41943040
20361.4 10485760
20390.4 41943040
20390.6 10485760
20390.6 41943040
20391.2 10485760
20469.5 41943040
20469.7 10485760
20498.9 41943040
20499.1 10485760
20551.2 41943040
20551.4 10485760
20622.5 41943040
20622.7 10485760
20651.7 41943040
20651.8 10485760
20680.8 41943040
20680.9 10485760
20716.9 41943040
20717.1 10485760
20746.9 41943040
20747 10485760
20747.1 41943040
20747.6 10485760
20801.4 41943040
20801.6 10485760
21367.7 41943040
21367.9 10485760
21397.6 41943040
21397.8 10485760
21427.1 41943040
21427.2 10485760
21456.2 41943040
21456.3 10485760
21485.3 41943040
21485.5 10485760
21514.4 41943040
21514.6 10485760
21543.5 41943040
21543.7 10485760
21543.7 41943040
21544.2 10485760
21721.7 41943040
21721.9 10485760
21753.1 41943040
21753.3 10485760
21919.2 41943040
21919.4 10485760
21982.6 41943040
21982.7 10485760
22011.8 41943040
22011.9 10485760
22051.8 41943040
22052 10485760
22118.4 41943040
22118.6 10485760
22148.8 41943040
22149 10485760
22149 41943040
22149.6 10485760
22357.8 41943040
22358 10485760
22387.4 41943040
22387.5 10485760
22425.6 41943040
22425.8 10485760
22461 41943040
22461.2 10485760
22490.3 41943040
22490.4 10485760
22519.6 41943040
22519.7 10485760
22548.7 41943040
22548.8 10485760
22577.8 41943040
22578 10485760
22578 41943040
22578.6 10485760
22698.7 41943040
22699 10485760
22879.6 41943040
22879.8 10485760
22922.8 41943040
22923 10485760
22952.5 41943040
22952.7 10485760
22993.3 41943040
22993.4 10485760
23022.6 41943040
23022.7 10485760
23051.9 41943040
23052.1 10485760
23081.1 41943040
23081.2 10485760
23081.3 41943040
23081.8 10485760
23111.2 41943040
23111.4 10485760
23140.8 41943040
23141 10485760
23170.3 41943040
23170.5 10485760
23199.8 41943040
23200 10485760
23229.2 41943040
23229.4 10485760
23258.5 41943040
23258.7 10485760
23287.9 41943040
23288 10485760
23317.2 41943040
23317.4 10485760
23317.4 41943040
23317.9 10485760
23317.9 41943040
23320.6 10485760
23576.5 41943040
23576.7 10485760
23609.8 41943040
23610 10485760
23639.9 41943040
23640.1 10485760
23669.8 41943040
23670 10485760
23699.4 41943040
23699.7 10485760
23729.9 41943040
23730 10485760
23759.1 41943040
23759.2 10485760
23788.2 41943040
23788.4 10485760
23788.4 41943040
23788.9 10485760
23818.5 41943040
23818.6 10485760
23848.3 41943040
23848.4 10485760
23939 41943040
23939.1 10485760
24003.6 41943040
24003.8 10485760
24033.5 41943040
24033.7 10485760
24063 41943040
24063.1 10485760
24092.2 41943040
24092.4 10485760
24121.4 41943040
24121.6 10485760
24121.6 41943040
24122.2 10485760
24621.2 41943040
24621.4 10485760
25625.6 41943040
25625.8 10485760
25881.5 41943040
25881.7 10485760
25925.2 41943040
25925.4 10485760
25954.4 41943040
25954.6 10485760
25983.6 41943040
25983.8 10485760
26013 41943040
26013.2 10485760
26042.2 41943040
26042.3 10485760
26042.3 41943040
26042.9 10485760
26082.6 41943040
26082.7 10485760
26144.3 41943040
26144.5 10485760
26217.3 41943040
26217.5 10485760
26263 41943040
26263.1 10485760
26292.1 41943040
26292.3 10485760
26321.2 41943040
26321.4 10485760
26350.3 41943040
26350.5 10485760
26379.5 41943040
26379.6 10485760
26379.6 41943040
26380.2 10485760
26655.6 41943040
26655.8 10485760
26701.8 41943040
26701.9 10485760
26813.3 41943040
26813.6 10485760
26847.6 41943040
26847.8 10485760
27745.3 41943040
27745.4 10485760
27956.4 41943040
27956.6 10485760
28123.1 41943040
28123.5 10485760
28158.6 41943040
28158.8 10485760
28158.8 41943040
28159.4 10485760
28576.2 41943040
28576.4 10485760
28691 41943040
28691.2 10485760
28720.6 41943040
28720.7 10485760
28749.9 41943040
28750.1 10485760
28779.8 41943040
28780 10485760
29077.3 41943040
29077.5 10485760
29106.6 41943040
29106.8 10485760
29135.9 41943040
29136 10485760
29136 41943040
29136.9 10485760
29423.1 41943040
29423.3 10485760
29452.5 41943040
29452.6 10485760
29691.2 41943040
29691.6 10485760
29727 41943040
29727.2 10485760
29756.2 41943040
29756.4 10485760
29785.3 41943040
29785.5 10485760
29814.8 41943040
29815 10485760
29844.3 41943040
29844.5 10485760
29844.5 41943040
29845 10485760
29874.2 41943040
29874.4 10485760
29903.5 41943040
29903.7 10485760
29932.9 41943040
29933 10485760
29962.2 41943040
29962.4 10485760
29991.3 41943040
29991.5 10485760
30020.5 41943040
30020.7 10485760
30049.6 41943040
30049.8 10485760
30078.8 41943040
30078.9 10485760
30078.9 41943040
30079.5 10485760
30079.5 41943040
32137.3 10485760
32210.1 41943040
32210.2 10485760
32240.7 41943040
32240.8 10485760
32281 41943040
32281.2 10485760
32310.9 41943040
32311.1 10485760
32340.8 41943040
32341 10485760
32370.6 41943040
32370.8 10485760
33458.9 41943040
33459.3 10485760
33503.4 41943040
33503.6 10485760
33503.6 41943040
33505.2 10485760
33823.7 41943040
33823.9 10485760
33857.3 41943040
33857.5 10485760
34850.8 41943040
34851 10485760
34880.3 41943040
34880.5 10485760
35031.2 41943040
35031.5 10485760
35061.9 41943040
35062.1 10485760
35200.5 41943040
35200.8 10485760
35235.9 41943040
35236.1 10485760
35236.1 41943040
35236.7 10485760
35456.4 41943040
35456.6 10485760
35486.1 41943040
35486.3 10485760
35855.7 41943040
35855.9 10485760
35886.4 41943040
35886.6 10485760
36009.8 41943040
36010 10485760
36039 41943040
36039.2 10485760
36069.2 41943040
36069.4 10485760
36098.5 41943040
36098.7 10485760
36098.7 41943040
36099.4 10485760
36159.5 41943040
36159.7 10485760
36348.4 41943040
36348.6 10485760
36482.9 41943040
36483.1 10485760
36678.7 41943040
36678.9 10485760
36827.5 41943040
36827.7 10485760
36856.7 41943040
36856.8 10485760
36885.8 41943040
36886 10485760
36914.9 41943040
36915.1 10485760
36915.1 41943040
36915.7 10485760
38359.1 41943040
39316.4 10485760
39438.8 41943040
39439.1 10485760
39564 41943040
39564.3 10485760
39605.2 41943040
39605.3 10485760
39958.6 41943040
39958.8 10485760
39988.7 41943040
39988.9 10485760
40040.1 41943040
40040.4 10485760
40143.9 41943040
40144.2 10485760
40144.2 41943040
40145.2 10485760
40222.5 41943040
40222.8 10485760
40266.3 41943040
40266.5 10485760
40363.9 41943040
40364.2 10485760
40465.6 41943040
40465.8 10485760
40656.2 41943040
40656.5 10485760
40983.6 41943040
40983.8 10485760
41013.8 41943040
41013.9 10485760
41043 41943040
41043.2 10485760
41043.2 41943040
41044 10485760
41125.6 41943040
41125.8 10485760
41250.7 41943040
41251 10485760
41438 41943040
41438.2 10485760
41468.4 41943040
41532.2 10485760
41977.2 41943040
41977.4 10485760
42008.8 41943040
42009 10485760
42277.7 41943040
42278.1 10485760
42313 41943040
42313.2 10485760
42313.2 41943040
42314 10485760
42442 41943040
42442.2 10485760
42573.4 41943040
42573.6 10485760
42953.2 41943040
42953.4 10485760
42984.4 41943040
42984.7 10485760
43018.5 41943040
43018.7 10485760
43048.2 41943040
43048.4 10485760
43251.4 41943040
43251.8 10485760
43288.5 41943040
43288.7 10485760
43288.7 41943040
43289.5 10485760
43289.5 41943040
44428 10485760
44589.6 41943040
44589.8 10485760
44733.2 41943040
44733.5 10485760
44788.6 41943040
44788.9 10485760
44832.5 41943040
44832.8 10485760
44935.1 41943040
44935.4 10485760
46212.9 41943040
46213.2 10485760
46318.1 41943040
46318.4 10485760
46361.3 41943040
46361.7 10485760
46361.7 41943040
46461 10485760
46515.7 41943040
46516 10485760
46558.7 41943040
46559 10485760
46662.4 41943040
46662.6 10485760
46773.7 41943040
46774 10485760
46846.9 41943040
46847.1 10485760
47014.5 41943040
47014.8 10485760
47046.2 41943040
47046.4 10485760
47075.5 41943040
47075.7 10485760
47075.7 41943040
47076.5 10485760
47259.7 41943040
47260 10485760
47383.5 41943040
47383.8 10485760
47547.6 41943040
47548 10485760
47584.6 41943040
47584.8 10485760
47753.1 41943040
47753.3 10485760
47782.8 41943040
47783 10485760
47842.8 41943040
47843.3 10485760
47877.9 41943040
47878.1 10485760
47878.1 41943040
47878.8 10485760
48229.7 41943040
48230 10485760
48364.7 41943040
48365 10485760
48396.2 41943040
48396.4 10485760
48426 41943040
48426.2 10485760
48652.6 41943040
48653 10485760
48811.5 41943040
48811.9 10485760
48841.4 41943040
48841.6 10485760
48870.8 41943040
48871 10485760
48871 41943040
48871.9 10485760
49178.1 41943040
49178.5 10485760
49304.1 41943040
49304.4 10485760
49585.7 41943040
49585.9 10485760
49626.4 41943040
49626.7 10485760
49706 41943040
49706.2 10485760
49750.8 41943040
49751 10485760
49934.6 41943040
49934.9 10485760
49973.6 41943040
49973.9 10485760
49973.9 41943040
49975 10485760
50215.8 41943040
50216.2 10485760
50259.8 41943040
50260 10485760
50422.6 41943040
50422.8 10485760
50514.6 41943040
50514.9 10485760
50544.5 41943040
50544.7 10485760
50574 41943040
50574.2 10485760
50676.2 41943040
50676.4 10485760
50705.5 41943040
50705.7 10485760
50705.7 41943040
50706.4 10485760
50936.6 41943040
50936.8 10485760
51160.2 41943040
51160.6 10485760
51313.8 41943040
51314 10485760
51345.2 41943040
51345.4 10485760
51478.9 41943040
51479.1 10485760
51520.7 41943040
51520.9 10485760
51823.4 41943040
51824 10485760
51858.6 41943040
51858.8 10485760
51858.8 41943040
51859.8 10485760
52032.8 41943040
52033.1 10485760
52159.9 41943040
52160.2 10485760
52189.5 41943040
52189.7 10485760
52221.3 41943040
52221.5 10485760
52250.7 41943040
52250.9 10485760
52365.8 41943040
52366 10485760
52768.1 41943040
52768.4 10485760
52801.7 41943040
52801.9 10485760
52801.9 41943040
52802.7 10485760
52802.7 41943040
53453 10485760
53937.2 41943040
53937.5 10485760
54058.3 41943040
54058.6 10485760
54984.6 41943040
54985.1 10485760
55115 41943040
55115.2 10485760
55414.7 41943040
55414.9 10485760
55572.3 41943040
55572.5 10485760
55809.8 41943040
55810.1 10485760
55845.9 41943040
55846.1 10485760
55846.1 41943040
55846.8 10485760
56440.6 41943040
56440.9 10485760
56494.7 41943040
56494.9 10485760
56524.7 41943040
56524.9 10485760
56624.8 41943040
56625 10485760
56724.7 41943040
56724.9 10485760
56820.6 41943040
56820.9 10485760
56851.2 41943040
56851.4 10485760
56880.5 41943040
56880.7 10485760
56880.7 41943040
56881.3 10485760
57056.6 41943040
57056.8 10485760
57284.8 41943040
57285.1 10485760
57482.9 41943040
57483.1 10485760
57514.2 41943040
57514.4 10485760
57709.6 41943040
57709.8 10485760
57738.9 41943040
57739.1 10485760
57791.3 41943040
57791.6 10485760
57823.5 41943040
57823.7 10485760
57823.7 41943040
57824.4 10485760
57928.2 41943040
57928.4 10485760
58233.3 41943040
58233.5 10485760
58277.7 41943040
58277.9 10485760
58307.9 41943040
58308.2 10485760
58460.5 41943040
58460.7 10485760
58796.7 41943040
58796.9 10485760
58826.1 41943040
58826.2 10485760
58855.4 41943040
58855.6 10485760
58855.6 41943040
58856.4 10485760
59011.9 41943040
59012.1 10485760
59124 41943040
59124.4 10485760
59287.1 41943040
59287.4 10485760
59384.9 41943040
59385.3 10485760
59715.5 41943040
59715.9 10485760
59750.7 41943040
59750.9 10485760
59856.9 41943040
59857.3 10485760
59891.4 41943040
59891.6 10485760
59891.6 41943040
60079.5 10485760
60165.5 41943040
60165.7 10485760
60500.7 41943040
60500.9 10485760
60543.7 41943040
60543.9 10485760
60574.1 41943040
60574.3 10485760
60604 41943040
60604.2 10485760
60690.3 41943040
60690.5 10485760
61021.5 41943040
61021.8 10485760
61056.1 41943040
61056.3 10485760
61056.3 41943040
61057.1 10485760
61295.4 41943040
61295.9 10485760
61340.2 41943040
61340.4 10485760
61641.3 41943040
61641.6 10485760
61735.7 41943040
61736 10485760
61846.9 41943040
61847.2 10485760
61882.5 41943040
61882.7 10485760
62141.8 41943040
62142.2 10485760
62177.7 41943040
62177.9 10485760
62177.9 41943040
62178.7 10485760
62392.7 41943040
62393 10485760
62472.2 41943040
62472.4 10485760
62502 41943040
62502.3 10485760
62610.3 41943040
62610.5 10485760
62777 41943040
62777.2 10485760
62810.1 41943040
62810.3 10485760
62839.4 41943040
62839.6 10485760
62868.6 41943040
62868.8 10485760
62868.8 41943040
62869.5 10485760
62869.5 41943040
63780.4 10485760
63780.5 41943040
67401.5 10485760
