10480 36750000
10535 10485760
21232 36750000
21288 10485760
31938 36750000
31992 10485760
42900 36750000
42957 10485760
53760 36750000
53815 10485760
64708 36750000
64764 10485760
76076 36750000
76132 10485760
87040 36750000
87095 10485760
87095 147000000
87317 10485760
98512 36750000
98562 10485760
109618 36750000
109667 10485760
120911 36750000
120959 10485760
132279 36750000
132335 10485760
143980 36750000
144036 10485760
155461 36750000
155519 10485760
167148 36750000
167204 10485760
179010 36750000
179065 10485760
179065 147000000
179278 10485760
191750 36750000
191807 10485760
203845 36750000
203902 10485760
215984 36750000
216041 10485760
228390 36750000
228450 10485760
240188 36750000
240245 10485760
252138 36750000
252195 10485760
264464 36750000
264521 10485760
276632 36750000
276689 10485760
276690 147000000
276914 10485760
288938 36750000
288996 10485760
301140 36750000
301198 10485760
313735 36750000
313791 10485760
326228 36750000
326281 10485760
338934 36750000
338992 10485760
351531 36750000
351585 10485760
363697 36750000
363753 10485760
375863 36750000
375922 10485760
375923 147000000
376148 10485760
388448 36750000
388505 10485760
401097 36750000
401152 10485760
413854 36750000
413912 10485760
426692 36750000
426749 10485760
439159 36750000
439216 10485760
452103 36750000
452160 10485760
464683 36750000
464739 10485760
477589 36750000
477644 10485760
477644 147000000
477866 10485760
490713 36750000
490769 10485760
503549 36750000
503607 10485760
516569 36750000
516626 10485760
529658 36750000
529716 10485760
542578 36750000
542634 10485760
555811 36750000
555869 10485760
569390 36750000
569441 10485760
582828 36750000
582883 10485760
582883 147000000
583097 10485760
596574 36750000
596632 10485760
610959 36750000
611016 10485760
624748 36750000
624806 10485760
639029 36750000
639087 10485760
653703 36750000
653756 10485760
668260 36750000
668316 10485760
682516 36750000
682573 10485760
697007 36750000
697060 10485760
697060 147000000
697282 10485760
711685 36750000
711736 10485760
726010 36750000
726067 10485760
740886 36750000
740935 10485760
755662 36750000
755720 10485760
769889 36750000
769946 10485760
784096 36750000
784151 10485760
798797 36750000
798847 10485760
812630 36750000
812687 10485760
812687 147000000
812905 10485760
812906 588000000
813780 10485760
