15859 50331648
15947 41943040
31968 50331648
32073 41943040
47964 50331648
48071 41943040
63970 50331648
64072 41943040
79911 50331648
80013 41943040
95920 50331648
96014 41943040
111948 50331648
112054 41943040
127997 50331648
128117 41943040
128117 201326592
128418 41943040
144409 50331648
144510 41943040
160432 50331648
160525 41943040
176523 50331648
176626 41943040
192589 50331648
192691 41943040
208734 50331648
208836 41943040
224938 50331648
225039 41943040
241016 50331648
241104 41943040
256948 50331648
257044 41943040
257045 201326592
257338 41943040
273177 50331648
273277 41943040
289192 50331648
289293 41943040
305233 50331648
305328 41943040
321223 50331648
321318 41943040
337188 50331648
337305 41943040
353411 50331648
353510 41943040
369460 50331648
369563 41943040
385640 50331648
385746 41943040
385746 201326592
386042 41943040
402149 50331648
402243 41943040
418212 50331648
418290 41943040
434168 50331648
434264 41943040
450194 50331648
450297 41943040
466225 50331648
466337 41943040
482214 50331648
482309 41943040
498233 50331648
498348 41943040
514285 50331648
514374 41943040
514374 201326592
514696 41943040
530655 50331648
530753 41943040
546724 50331648
546830 41943040
562735 50331648
562829 41943040
578886 50331648
578989 41943040
595016 50331648
595121 41943040
611127 50331648
611216 41943040
627155 50331648
627258 41943040
643237 50331648
643343 41943040
643343 201326592
643645 41943040
659478 50331648
659579 41943040
675549 50331648
675651 41943040
691581 50331648
691681 41943040
707620 50331648
707711 41943040
723648 50331648
723755 41943040
739744 50331648
739850 41943040
755821 50331648
755916 41943040
771782 50331648
771879 41943040
771879 201326592
772173 41943040
788066 50331648
788166 41943040
804084 50331648
804191 41943040
820173 50331648
820275 41943040
836348 50331648
836432 41943040
852393 50331648
852494 41943040
868524 50331648
868627 41943040
884554 50331648
884653 41943040
900641 50331648
900746 41943040
900746 201326592
901037 41943040
917063 50331648
917168 41943040
933009 50331648
933104 41943040
949157 50331648
949262 41943040
965223 50331648
965325 41943040
981342 50331648
981449 41943040
997314 50331648
997424 41943040
1.01332e+06 50331648
1.01342e+06 41943040
1.02936e+06 50331648
1.02946e+06 41943040
1.02946e+06 201326592
1.02978e+06 41943040
1.02978e+06 805306368
1.03101e+06 41943040
1.04703e+06 50331648
1.04713e+06 41943040
1.06311e+06 50331648
1.06322e+06 41943040
1.07909e+06 50331648
1.07919e+06 41943040
1.09514e+06 50331648
1.09523e+06 41943040
1.1113e+06 50331648
1.11141e+06 41943040
1.12744e+06 50331648
1.12753e+06 41943040
1.14366e+06 50331648
1.14375e+06 41943040
1.15972e+06 50331648
1.15983e+06 41943040
1.15983e+06 201326592
1.16013e+06 41943040
1.17617e+06 50331648
1.17628e+06 41943040
1.19234e+06 50331648
1.19245e+06 41943040
1.20844e+06 50331648
1.20854e+06 41943040
1.22454e+06 50331648
1.22464e+06 41943040
1.24055e+06 50331648
1.24064e+06 41943040
1.25664e+06 50331648
1.25675e+06 41943040
1.27269e+06 50331648
1.27279e+06 41943040
1.28867e+06 50331648
1.28877e+06 41943040
1.28877e+06 201326592
1.28906e+06 41943040
1.30509e+06 50331648
1.30519e+06 41943040
1.32112e+06 50331648
1.32124e+06 41943040
1.33723e+06 50331648
1.33733e+06 41943040
1.35334e+06 50331648
1.35344e+06 41943040
1.36936e+06 50331648
1.36946e+06 41943040
1.38541e+06 50331648
1.38552e+06 41943040
1.40155e+06 50331648
1.40165e+06 41943040
1.41759e+06 50331648
1.4177e+06 41943040
1.4177e+06 201326592
1.418e+06 41943040
1.43387e+06 50331648
1.43397e+06 41943040
1.44995e+06 50331648
1.45006e+06 41943040
1.46606e+06 50331648
1.46617e+06 41943040
1.48201e+06 50331648
1.48212e+06 41943040
1.49817e+06 50331648
1.49828e+06 41943040
1.5143e+06 50331648
1.5144e+06 41943040
1.53038e+06 50331648
1.53047e+06 41943040
1.54631e+06 50331648
1.54641e+06 41943040
1.54641e+06 201326592
1.5467e+06 41943040
1.56276e+06 50331648
1.56285e+06 41943040
1.5788e+06 50331648
1.57891e+06 41943040
1.5949e+06 50331648
1.595e+06 41943040
1.61098e+06 50331648
1.61109e+06 41943040
1.62699e+06 50331648
1.6271e+06 41943040
1.64306e+06 50331648
1.64318e+06 41943040
1.65912e+06 50331648
1.65923e+06 41943040
1.67524e+06 50331648
1.67535e+06 41943040
1.67535e+06 201326592
1.67565e+06 41943040
1.69168e+06 50331648
1.69178e+06 41943040
1.70781e+06 50331648
1.70792e+06 41943040
1.72389e+06 50331648
1.724e+06 41943040
1.74026e+06 50331648
1.74037e+06 41943040
1.75642e+06 50331648
1.75653e+06 41943040
1.77262e+06 50331648
1.77273e+06 41943040
1.78875e+06 50331648
1.78886e+06 41943040
1.80479e+06 50331648
1.80489e+06 41943040
1.80489e+06 201326592
1.80518e+06 41943040
1.82111e+06 50331648
1.82121e+06 41943040
1.83719e+06 50331648
1.8373e+06 41943040
1.8533e+06 50331648
1.85341e+06 41943040
1.86947e+06 50331648
1.86958e+06 41943040
1.88563e+06 50331648
1.88574e+06 41943040
1.90169e+06 50331648
1.9018e+06 41943040
1.91794e+06 50331648
1.91805e+06 41943040
1.93401e+06 50331648
1.93411e+06 41943040
1.93411e+06 201326592
1.93441e+06 41943040
1.95032e+06 50331648
1.95042e+06 41943040
1.9666e+06 50331648
1.96671e+06 41943040
1.98262e+06 50331648
1.98273e+06 41943040
1.99866e+06 50331648
1.99877e+06 41943040
2.01478e+06 50331648
2.0149e+06 41943040
2.03089e+06 50331648
2.031e+06 41943040
2.04698e+06 50331648
2.04708e+06 41943040
2.06313e+06 50331648
2.06324e+06 41943040
2.06324e+06 201326592
2.06354e+06 41943040
2.06354e+06 805306368
2.06474e+06 41943040
2.08086e+06 50331648
2.08096e+06 41943040
2.09706e+06 50331648
2.09717e+06 41943040
2.11321e+06 50331648
2.1133e+06 41943040
2.12948e+06 50331648
2.12959e+06 41943040
2.14562e+06 50331648
2.14573e+06 41943040
2.1616e+06 50331648
2.16171e+06 41943040
2.17783e+06 50331648
2.17792e+06 41943040
2.19392e+06 50331648
2.19402e+06 41943040
2.19402e+06 201326592
2.19431e+06 41943040
2.21034e+06 50331648
2.21045e+06 41943040
2.22645e+06 50331648
2.22655e+06 41943040
2.24257e+06 50331648
2.24268e+06 41943040
2.25858e+06 50331648
2.25868e+06 41943040
2.27461e+06 50331648
2.27471e+06 41943040
2.29063e+06 50331648
2.29073e+06 41943040
2.30664e+06 50331648
2.30673e+06 41943040
2.32266e+06 50331648
2.32277e+06 41943040
2.32277e+06 201326592
2.32306e+06 41943040
2.339e+06 50331648
2.3391e+06 41943040
2.3551e+06 50331648
2.35521e+06 41943040
2.37121e+06 50331648
2.37132e+06 41943040
2.38727e+06 50331648
2.38738e+06 41943040
2.40334e+06 50331648
2.40345e+06 41943040
2.41944e+06 50331648
2.41955e+06 41943040
2.43557e+06 50331648
2.43567e+06 41943040
2.45164e+06 50331648
2.45174e+06 41943040
2.45174e+06 201326592
2.45204e+06 41943040
2.46792e+06 50331648
2.46802e+06 41943040
2.48401e+06 50331648
2.48411e+06 41943040
2.50004e+06 50331648
2.50014e+06 41943040
2.51613e+06 50331648
2.51623e+06 41943040
2.53212e+06 50331648
2.53222e+06 41943040
2.54804e+06 50331648
2.54814e+06 41943040
2.56409e+06 50331648
2.56419e+06 41943040
2.5801e+06 50331648
2.58021e+06 41943040
2.58021e+06 201326592
2.58052e+06 41943040
2.59651e+06 50331648
2.5966e+06 41943040
2.61259e+06 50331648
2.61269e+06 41943040
2.6287e+06 50331648
2.6288e+06 41943040
2.6448e+06 50331648
2.6449e+06 41943040
2.661e+06 50331648
2.6611e+06 41943040
2.67718e+06 50331648
2.67728e+06 41943040
2.69326e+06 50331648
2.69336e+06 41943040
2.70934e+06 50331648
2.70944e+06 41943040
2.70944e+06 201326592
2.70975e+06 41943040
2.72569e+06 50331648
2.72579e+06 41943040
2.74182e+06 50331648
2.74193e+06 41943040
2.75782e+06 50331648
2.75793e+06 41943040
2.77392e+06 50331648
2.77403e+06 41943040
2.79005e+06 50331648
2.79016e+06 41943040
2.80615e+06 50331648
2.80625e+06 41943040
2.82227e+06 50331648
2.82237e+06 41943040
2.83838e+06 50331648
2.83849e+06 41943040
2.83849e+06 201326592
2.83879e+06 41943040
2.85479e+06 50331648
2.85488e+06 41943040
2.87098e+06 50331648
2.87109e+06 41943040
2.88715e+06 50331648
2.88726e+06 41943040
2.90334e+06 50331648
2.90345e+06 41943040
2.91951e+06 50331648
2.91962e+06 41943040
2.93566e+06 50331648
2.93576e+06 41943040
2.95187e+06 50331648
2.95198e+06 41943040
2.96798e+06 50331648
2.96809e+06 41943040
2.96809e+06 201326592
2.9684e+06 41943040
2.98436e+06 50331648
2.98447e+06 41943040
3.0005e+06 50331648
3.0006e+06 41943040
3.01664e+06 50331648
3.01674e+06 41943040
3.0326e+06 50331648
3.0327e+06 41943040
3.04884e+06 50331648
3.04894e+06 41943040
3.06501e+06 50331648
3.06511e+06 41943040
3.08106e+06 50331648
3.08116e+06 41943040
3.09714e+06 50331648
3.09724e+06 41943040
3.09724e+06 201326592
3.09754e+06 41943040
3.09754e+06 805306368
3.09875e+06 41943040
3.11472e+06 50331648
3.11482e+06 41943040
3.13089e+06 50331648
3.13098e+06 41943040
3.14698e+06 50331648
3.14708e+06 41943040
3.16299e+06 50331648
3.1631e+06 41943040
3.17981e+06 50331648
3.17991e+06 41943040
3.19585e+06 50331648
3.19594e+06 41943040
3.212e+06 50331648
3.21211e+06 41943040
3.22809e+06 50331648
3.2282e+06 41943040
3.2282e+06 201326592
3.22849e+06 41943040
3.24455e+06 50331648
3.24465e+06 41943040
3.26064e+06 50331648
3.26074e+06 41943040
3.27692e+06 50331648
3.27702e+06 41943040
3.29292e+06 50331648
3.29301e+06 41943040
3.30906e+06 50331648
3.30916e+06 41943040
3.3254e+06 50331648
3.32551e+06 41943040
3.34143e+06 50331648
3.34152e+06 41943040
3.35755e+06 50331648
3.35765e+06 41943040
3.35765e+06 201326592
3.35795e+06 41943040
3.37391e+06 50331648
3.37402e+06 41943040
3.39007e+06 50331648
3.39017e+06 41943040
3.40633e+06 50331648
3.40643e+06 41943040
3.42245e+06 50331648
3.42256e+06 41943040
3.43859e+06 50331648
3.43869e+06 41943040
3.45476e+06 50331648
3.45487e+06 41943040
3.47087e+06 50331648
3.47098e+06 41943040
3.4869e+06 50331648
3.48701e+06 41943040
3.48701e+06 201326592
3.48731e+06 41943040
3.50325e+06 50331648
3.50335e+06 41943040
3.51925e+06 50331648
3.51936e+06 41943040
3.53528e+06 50331648
3.53538e+06 41943040
3.55132e+06 50331648
3.55143e+06 41943040
3.56744e+06 50331648
3.56755e+06 41943040
3.58345e+06 50331648
3.58355e+06 41943040
3.59952e+06 50331648
3.59962e+06 41943040
3.61571e+06 50331648
3.61581e+06 41943040
3.61581e+06 201326592
3.61612e+06 41943040
3.63214e+06 50331648
3.63223e+06 41943040
3.6483e+06 50331648
3.6484e+06 41943040
3.66433e+06 50331648
3.66444e+06 41943040
3.68047e+06 50331648
3.68058e+06 41943040
3.69658e+06 50331648
3.69668e+06 41943040
3.71266e+06 50331648
3.71277e+06 41943040
3.72892e+06 50331648
3.72903e+06 41943040
3.74503e+06 50331648
3.74514e+06 41943040
3.74514e+06 201326592
3.74543e+06 41943040
3.7615e+06 50331648
3.7616e+06 41943040
3.77756e+06 50331648
3.77767e+06 41943040
3.79374e+06 50331648
3.79384e+06 41943040
3.80966e+06 50331648
3.80976e+06 41943040
3.82584e+06 50331648
3.82593e+06 41943040
3.84207e+06 50331648
3.84218e+06 41943040
3.85808e+06 50331648
3.85818e+06 41943040
3.87414e+06 50331648
3.87424e+06 41943040
3.87424e+06 201326592
3.87454e+06 41943040
3.89048e+06 50331648
3.89059e+06 41943040
3.90661e+06 50331648
3.90672e+06 41943040
3.92266e+06 50331648
3.92278e+06 41943040
3.93871e+06 50331648
3.93881e+06 41943040
3.95478e+06 50331648
3.95489e+06 41943040
3.97083e+06 50331648
3.97094e+06 41943040
3.9869e+06 50331648
3.98699e+06 41943040
4.00299e+06 50331648
4.00309e+06 41943040
4.00309e+06 201326592
4.00339e+06 41943040
4.01936e+06 50331648
4.01947e+06 41943040
4.03542e+06 50331648
4.0355e+06 41943040
4.05147e+06 50331648
4.05158e+06 41943040
4.06759e+06 50331648
4.0677e+06 41943040
4.08372e+06 50331648
4.08383e+06 41943040
4.09984e+06 50331648
4.09995e+06 41943040
4.11589e+06 50331648
4.11601e+06 41943040
4.1319e+06 50331648
4.13202e+06 41943040
4.13202e+06 201326592
4.13232e+06 41943040
4.13232e+06 805306368
4.13355e+06 41943040
4.1496e+06 50331648
4.1497e+06 41943040
4.16575e+06 50331648
4.16585e+06 41943040
4.18181e+06 50331648
4.18192e+06 41943040
4.19791e+06 50331648
4.19802e+06 41943040
4.21405e+06 50331648
4.21416e+06 41943040
4.23015e+06 50331648
4.23025e+06 41943040
4.24627e+06 50331648
4.24634e+06 41943040
4.2623e+06 50331648
4.26241e+06 41943040
4.26241e+06 201326592
4.26271e+06 41943040
4.27871e+06 50331648
4.27882e+06 41943040
4.29479e+06 50331648
4.2949e+06 41943040
4.3109e+06 50331648
4.31102e+06 41943040
4.32689e+06 50331648
4.327e+06 41943040
4.34308e+06 50331648
4.34319e+06 41943040
4.35927e+06 50331648
4.35938e+06 41943040
4.37526e+06 50331648
4.37537e+06 41943040
4.39133e+06 50331648
4.39143e+06 41943040
4.39143e+06 201326592
4.39174e+06 41943040
4.40781e+06 50331648
4.40792e+06 41943040
4.42399e+06 50331648
4.4241e+06 41943040
4.44e+06 50331648
4.4401e+06 41943040
4.45613e+06 50331648
4.45624e+06 41943040
4.47226e+06 50331648
4.47236e+06 41943040
4.4884e+06 50331648
4.48851e+06 41943040
4.5045e+06 50331648
4.5046e+06 41943040
4.5205e+06 50331648
4.5206e+06 41943040
4.5206e+06 201326592
4.5209e+06 41943040
4.53678e+06 50331648
4.53688e+06 41943040
4.55294e+06 50331648
4.55305e+06 41943040
4.56898e+06 50331648
4.56908e+06 41943040
4.58505e+06 50331648
4.58514e+06 41943040
4.60109e+06 50331648
4.6012e+06 41943040
4.61715e+06 50331648
4.61726e+06 41943040
4.63332e+06 50331648
4.63342e+06 41943040
4.64943e+06 50331648
4.64954e+06 41943040
4.64954e+06 201326592
4.64985e+06 41943040
4.66567e+06 50331648
4.66578e+06 41943040
4.68183e+06 50331648
4.68194e+06 41943040
4.69807e+06 50331648
4.69819e+06 41943040
4.71416e+06 50331648
4.71427e+06 41943040
4.73026e+06 50331648
4.73036e+06 41943040
4.74637e+06 50331648
4.74648e+06 41943040
4.76244e+06 50331648
4.76255e+06 41943040
4.77846e+06 50331648
4.77857e+06 41943040
4.77857e+06 201326592
4.77886e+06 41943040
4.7948e+06 50331648
4.79489e+06 41943040
4.81092e+06 50331648
4.81103e+06 41943040
4.82712e+06 50331648
4.82722e+06 41943040
4.84326e+06 50331648
4.84337e+06 41943040
4.85928e+06 50331648
4.85938e+06 41943040
4.87549e+06 50331648
4.8756e+06 41943040
4.89161e+06 50331648
4.89171e+06 41943040
4.90774e+06 50331648
4.90784e+06 41943040
4.90784e+06 201326592
4.90814e+06 41943040
4.92393e+06 50331648
4.92402e+06 41943040
4.94004e+06 50331648
4.94015e+06 41943040
4.95605e+06 50331648
4.95615e+06 41943040
4.97214e+06 50331648
4.97225e+06 41943040
4.98819e+06 50331648
4.9883e+06 41943040
5.00433e+06 50331648
5.00443e+06 41943040
5.02037e+06 50331648
5.02048e+06 41943040
5.0365e+06 50331648
5.0366e+06 41943040
5.0366e+06 201326592
5.03692e+06 41943040
5.05297e+06 50331648
5.05307e+06 41943040
5.06911e+06 50331648
5.06922e+06 41943040
5.08514e+06 50331648
5.08524e+06 41943040
5.10118e+06 50331648
5.10129e+06 41943040
5.11734e+06 50331648
5.11746e+06 41943040
5.13351e+06 50331648
5.13361e+06 41943040
5.14966e+06 50331648
5.14977e+06 41943040
5.16589e+06 50331648
5.16599e+06 41943040
5.16599e+06 201326592
5.1663e+06 41943040
5.1663e+06 805306368
5.1675e+06 41943040
5.1834e+06 50331648
5.18349e+06 41943040
5.19949e+06 50331648
5.1996e+06 41943040
5.21556e+06 50331648
5.21567e+06 41943040
5.23159e+06 50331648
5.2317e+06 41943040
5.24775e+06 50331648
5.24786e+06 41943040
5.26381e+06 50331648
5.26391e+06 41943040
5.27991e+06 50331648
5.28001e+06 41943040
5.29587e+06 50331648
5.29597e+06 41943040
5.29597e+06 201326592
5.29627e+06 41943040
5.31228e+06 50331648
5.31238e+06 41943040
5.3286e+06 50331648
5.32871e+06 41943040
5.34483e+06 50331648
5.34494e+06 41943040
5.36089e+06 50331648
5.36101e+06 41943040
5.37694e+06 50331648
5.37705e+06 41943040
5.39298e+06 50331648
5.39308e+06 41943040
5.40905e+06 50331648
5.40916e+06 41943040
5.42504e+06 50331648
5.42514e+06 41943040
5.42514e+06 201326592
5.42544e+06 41943040
5.4414e+06 50331648
5.4415e+06 41943040
5.45744e+06 50331648
5.45755e+06 41943040
5.47364e+06 50331648
5.47374e+06 41943040
5.48966e+06 50331648
5.48976e+06 41943040
5.50586e+06 50331648
5.50596e+06 41943040
5.52199e+06 50331648
5.52209e+06 41943040
5.53842e+06 50331648
5.53852e+06 41943040
5.5546e+06 50331648
5.55471e+06 41943040
5.55471e+06 201326592
5.55502e+06 41943040
5.57092e+06 50331648
5.57102e+06 41943040
5.58716e+06 50331648
5.58727e+06 41943040
5.60335e+06 50331648
5.60347e+06 41943040
5.61954e+06 50331648
5.61965e+06 41943040
5.63572e+06 50331648
5.63583e+06 41943040
5.65177e+06 50331648
5.65187e+06 41943040
5.66781e+06 50331648
5.66791e+06 41943040
5.68389e+06 50331648
5.68399e+06 41943040
5.68399e+06 201326592
5.68429e+06 41943040
5.70023e+06 50331648
5.70033e+06 41943040
5.71645e+06 50331648
5.71656e+06 41943040
5.73259e+06 50331648
5.7327e+06 41943040
5.74876e+06 50331648
5.74887e+06 41943040
5.76477e+06 50331648
5.76487e+06 41943040
5.78087e+06 50331648
5.78098e+06 41943040
5.79684e+06 50331648
5.79695e+06 41943040
5.81309e+06 50331648
5.8132e+06 41943040
5.8132e+06 201326592
5.81349e+06 41943040
5.82953e+06 50331648
5.82963e+06 41943040
5.8457e+06 50331648
5.84581e+06 41943040
5.86184e+06 50331648
5.86194e+06 41943040
5.87816e+06 50331648
5.87827e+06 41943040
5.89422e+06 50331648
5.89433e+06 41943040
5.91036e+06 50331648
5.91047e+06 41943040
5.92653e+06 50331648
5.92664e+06 41943040
5.94266e+06 50331648
5.94277e+06 41943040
5.94277e+06 201326592
5.94308e+06 41943040
5.959e+06 50331648
5.9591e+06 41943040
5.97502e+06 50331648
5.97512e+06 41943040
5.99113e+06 50331648
5.99123e+06 41943040
6.00743e+06 50331648
6.00754e+06 41943040
6.02353e+06 50331648
6.02364e+06 41943040
6.0396e+06 50331648
6.0397e+06 41943040
6.05579e+06 50331648
6.0559e+06 41943040
6.07214e+06 50331648
6.07225e+06 41943040
6.07225e+06 201326592
6.07255e+06 41943040
6.0885e+06 50331648
6.0886e+06 41943040
6.10471e+06 50331648
6.10482e+06 41943040
6.12096e+06 50331648
6.12107e+06 41943040
6.13707e+06 50331648
6.13718e+06 41943040
6.15341e+06 50331648
6.15352e+06 41943040
6.16946e+06 50331648
6.16957e+06 41943040
6.18575e+06 50331648
6.18585e+06 41943040
6.20184e+06 50331648
6.20195e+06 41943040
6.20195e+06 201326592
6.20226e+06 41943040
6.20226e+06 805306368
6.20343e+06 41943040
6.21952e+06 50331648
6.21962e+06 41943040
6.23566e+06 50331648
6.23577e+06 41943040
6.25182e+06 50331648
6.25192e+06 41943040
6.26794e+06 50331648
6.26805e+06 41943040
6.28407e+06 50331648
6.28418e+06 41943040
6.30028e+06 50331648
6.30039e+06 41943040
6.31634e+06 50331648
6.31645e+06 41943040
6.33253e+06 50331648
6.33264e+06 41943040
6.33264e+06 201326592
6.33295e+06 41943040
6.34891e+06 50331648
6.34901e+06 41943040
6.36526e+06 50331648
6.36537e+06 41943040
6.38206e+06 50331648
6.38217e+06 41943040
6.39839e+06 50331648
6.3985e+06 41943040
6.41478e+06 50331648
6.41489e+06 41943040
6.43087e+06 50331648
6.43099e+06 41943040
6.44707e+06 50331648
6.44718e+06 41943040
6.46318e+06 50331648
6.46328e+06 41943040
6.46328e+06 201326592
6.46358e+06 41943040
6.4797e+06 50331648
6.47981e+06 41943040
6.49592e+06 50331648
6.49601e+06 41943040
6.51215e+06 50331648
6.51226e+06 41943040
6.5283e+06 50331648
6.5284e+06 41943040
6.54445e+06 50331648
6.54456e+06 41943040
6.56057e+06 50331648
6.56067e+06 41943040
6.57678e+06 50331648
6.57689e+06 41943040
6.59293e+06 50331648
6.59304e+06 41943040
6.59304e+06 201326592
6.59334e+06 41943040
6.60959e+06 50331648
6.60968e+06 41943040
6.62571e+06 50331648
6.62582e+06 41943040
6.64182e+06 50331648
6.64192e+06 41943040
6.65792e+06 50331648
6.65803e+06 41943040
6.67422e+06 50331648
6.67433e+06 41943040
6.69038e+06 50331648
6.69049e+06 41943040
6.70664e+06 50331648
6.70675e+06 41943040
6.72292e+06 50331648
6.72302e+06 41943040
6.72302e+06 201326592
6.72331e+06 41943040
6.73942e+06 50331648
6.73953e+06 41943040
6.75559e+06 50331648
6.7557e+06 41943040
6.7718e+06 50331648
6.77192e+06 41943040
6.78798e+06 50331648
6.78809e+06 41943040
6.80426e+06 50331648
6.80437e+06 41943040
6.82056e+06 50331648
6.82067e+06 41943040
6.83664e+06 50331648
6.83675e+06 41943040
6.85276e+06 50331648
6.85288e+06 41943040
6.85288e+06 201326592
6.85319e+06 41943040
6.86919e+06 50331648
6.8693e+06 41943040
6.88526e+06 50331648
6.88537e+06 41943040
6.90151e+06 50331648
6.9016e+06 41943040
6.91773e+06 50331648
6.91785e+06 41943040
6.93399e+06 50331648
6.9341e+06 41943040
6.95019e+06 50331648
6.95028e+06 41943040
6.96645e+06 50331648
6.96656e+06 41943040
6.98262e+06 50331648
6.98273e+06 41943040
6.98273e+06 201326592
6.98304e+06 41943040
6.99901e+06 50331648
6.99912e+06 41943040
7.01525e+06 50331648
7.01536e+06 41943040
7.03165e+06 50331648
7.03177e+06 41943040
7.04784e+06 50331648
7.04793e+06 41943040
7.06419e+06 50331648
7.06431e+06 41943040
7.08028e+06 50331648
7.08038e+06 41943040
7.09643e+06 50331648
7.09653e+06 41943040
7.11258e+06 50331648
7.11269e+06 41943040
7.11269e+06 201326592
7.11298e+06 41943040
7.12904e+06 50331648
7.12915e+06 41943040
7.14532e+06 50331648
7.14544e+06 41943040
7.16152e+06 50331648
7.16162e+06 41943040
7.17758e+06 50331648
7.17767e+06 41943040
7.19373e+06 50331648
7.19383e+06 41943040
7.21003e+06 50331648
7.21012e+06 41943040
7.2262e+06 50331648
7.22632e+06 41943040
7.24231e+06 50331648
7.24242e+06 41943040
7.24242e+06 201326592
7.24271e+06 41943040
7.24271e+06 805306368
7.24392e+06 41943040
7.25999e+06 50331648
7.26011e+06 41943040
7.27621e+06 50331648
7.2763e+06 41943040
7.29222e+06 50331648
7.29233e+06 41943040
7.30859e+06 50331648
7.3087e+06 41943040
7.32475e+06 50331648
7.32486e+06 41943040
7.34098e+06 50331648
7.34108e+06 41943040
7.35704e+06 50331648
7.35716e+06 41943040
7.37325e+06 50331648
7.37336e+06 41943040
7.37336e+06 201326592
7.37366e+06 41943040
7.38963e+06 50331648
7.38974e+06 41943040
7.4057e+06 50331648
7.4058e+06 41943040
7.42178e+06 50331648
7.42188e+06 41943040
7.438e+06 50331648
7.43811e+06 41943040
7.45415e+06 50331648
7.45426e+06 41943040
7.47037e+06 50331648
7.47048e+06 41943040
7.48672e+06 50331648
7.48684e+06 41943040
7.50288e+06 50331648
7.50299e+06 41943040
7.50299e+06 201326592
7.5033e+06 41943040
7.51929e+06 50331648
7.5194e+06 41943040
7.53547e+06 50331648
7.53559e+06 41943040
7.55167e+06 50331648
7.55178e+06 41943040
7.56794e+06 50331648
7.56804e+06 41943040
7.58428e+06 50331648
7.58439e+06 41943040
7.60049e+06 50331648
7.6006e+06 41943040
7.6167e+06 50331648
7.61681e+06 41943040
7.63279e+06 50331648
7.6329e+06 41943040
7.6329e+06 201326592
7.63321e+06 41943040
7.64921e+06 50331648
7.64931e+06 41943040
7.66542e+06 50331648
7.66553e+06 41943040
7.68155e+06 50331648
7.68165e+06 41943040
7.6978e+06 50331648
7.69792e+06 41943040
7.714e+06 50331648
7.71412e+06 41943040
7.73038e+06 50331648
7.73048e+06 41943040
7.74671e+06 50331648
7.74683e+06 41943040
7.76295e+06 50331648
7.76306e+06 41943040
7.76306e+06 201326592
7.76334e+06 41943040
7.77934e+06 50331648
7.77945e+06 41943040
7.79549e+06 50331648
7.79561e+06 41943040
7.81171e+06 50331648
7.81182e+06 41943040
7.82781e+06 50331648
7.82792e+06 41943040
7.84391e+06 50331648
7.84402e+06 41943040
7.86007e+06 50331648
7.86017e+06 41943040
7.8762e+06 50331648
7.87631e+06 41943040
7.8923e+06 50331648
7.8924e+06 41943040
7.89241e+06 201326592
7.89271e+06 41943040
7.90876e+06 50331648
7.90886e+06 41943040
7.92507e+06 50331648
7.92519e+06 41943040
7.94113e+06 50331648
7.94125e+06 41943040
7.95716e+06 50331648
7.95726e+06 41943040
7.9733e+06 50331648
7.97341e+06 41943040
7.98938e+06 50331648
7.98948e+06 41943040
8.00547e+06 50331648
8.00558e+06 41943040
8.02162e+06 50331648
8.02172e+06 41943040
8.02172e+06 201326592
8.02202e+06 41943040
8.03808e+06 50331648
8.03819e+06 41943040
8.0543e+06 50331648
8.05441e+06 41943040
8.07067e+06 50331648
8.07078e+06 41943040
8.08681e+06 50331648
8.08691e+06 41943040
8.10306e+06 50331648
8.10316e+06 41943040
8.11925e+06 50331648
8.11936e+06 41943040
8.13546e+06 50331648
8.13556e+06 41943040
8.15155e+06 50331648
8.15166e+06 41943040
8.15166e+06 201326592
8.15196e+06 41943040
8.168e+06 50331648
8.1681e+06 41943040
8.18426e+06 50331648
8.18438e+06 41943040
8.2005e+06 50331648
8.20061e+06 41943040
8.21668e+06 50331648
8.21679e+06 41943040
8.23282e+06 50331648
8.23293e+06 41943040
8.24912e+06 50331648
8.24923e+06 41943040
8.26518e+06 50331648
8.26529e+06 41943040
8.28139e+06 50331648
8.2815e+06 41943040
8.2815e+06 201326592
8.28178e+06 41943040
8.28178e+06 805306368
8.28298e+06 41943040
8.28298e+06 3221225472
8.28769e+06 41943040
