2256 12582912
2285 10485760
4443 12582912
4471 10485760
6594 12582912
6622 10485760
8846 12582912
8878 10485760
11093 12582912
11123 10485760
13272 12582912
13305 10485760
15506 12582912
15536 10485760
17768 12582912
17798 10485760
17798 50331648
17875 10485760
20075 12582912
20106 10485760
22428 12582912
22458 10485760
24687 12582912
24717 10485760
26922 12582912
26954 10485760
29516 12582912
29546 10485760
31961 12582912
31991 10485760
34211 12582912
34243 10485760
36599 12582912
36628 10485760
36629 50331648
36705 10485760
39042 12582912
39071 10485760
41358 12582912
41382 10485760
43864 12582912
43893 10485760
46270 12582912
46304 10485760
48558 12582912
48589 10485760
50941 12582912
50971 10485760
53367 12582912
53396 10485760
55820 12582912
55852 10485760
55853 50331648
55928 10485760
58300 12582912
58332 10485760
60767 12582912
60797 10485760
63158 12582912
63182 10485760
65465 12582912
65498 10485760
67858 12582912
67891 10485760
70360 12582912
70391 10485760
72731 12582912
72764 10485760
75195 12582912
75215 10485760
75216 50331648
75293 10485760
77803 12582912
77834 10485760
80381 12582912
80408 10485760
82850 12582912
82878 10485760
85408 12582912
85435 10485760
87946 12582912
87977 10485760
90403 12582912
90435 10485760
92821 12582912
92849 10485760
95186 12582912
95218 10485760
95218 50331648
95295 10485760
97726 12582912
97756 10485760
100146 12582912
100173 10485760
102605 12582912
102637 10485760
105047 12582912
105077 10485760
107572 12582912
107601 10485760
110009 12582912
110041 10485760
112432 12582912
112461 10485760
114828 12582912
114857 10485760
114858 50331648
114936 10485760
117453 12582912
117483 10485760
119937 12582912
119963 10485760
122319 12582912
122341 10485760
124703 12582912
124732 10485760
127154 12582912
127186 10485760
129733 12582912
129763 10485760
132216 12582912
132248 10485760
134777 12582912
134809 10485760
134809 50331648
134876 10485760
137280 12582912
137308 10485760
139703 12582912
139734 10485760
142127 12582912
142157 10485760
144719 12582912
144749 10485760
147190 12582912
147218 10485760
149675 12582912
149705 10485760
152274 12582912
152305 10485760
154752 12582912
154782 10485760
154784 50331648
154861 10485760
154861 201326592
155156 10485760
