197.473 104857600
197.737 10485760
526.125 104857600
526.302 10485760
631.661 104857600
631.817 10485760
747.993 104857600
748.161 10485760
999.666 104857600
999.832 10485760
1074.29 104857600
1074.44 10485760
1435.68 104857600
1435.84 10485760
1497.89 104857600
1498.05 10485760
1498.05 104857600
1498.61 10485760
1544.21 104857600
1544.37 10485760
1586.19 104857600
1586.34 10485760
1618.97 104857600
1619.12 10485760
1670.15 104857600
1670.3 10485760
1707.44 104857600
1707.6 10485760
1842.31 104857600
1842.55 10485760
1874.89 104857600
1875.04 10485760
1905.57 104857600
1905.72 10485760
1905.72 104857600
1906.28 10485760
1994.45 104857600
1994.61 10485760
2056.32 104857600
2056.48 10485760
2189.72 104857600
2189.89 10485760
2220.9 104857600
2221.04 10485760
2251.79 104857600
2251.94 10485760
2282.69 104857600
2282.84 10485760
2345.37 104857600
2345.63 10485760
2379.29 104857600
2379.44 10485760
2379.45 104857600
2380.04 10485760
2410.97 104857600
2411.13 10485760
2442.07 104857600
2442.23 10485760
2473.42 104857600
2473.57 10485760
2504.59 104857600
2504.75 10485760
2535.63 104857600
2535.79 10485760
2566.61 104857600
2566.76 10485760
2597.7 104857600
2597.85 10485760
2628.65 104857600
2628.8 10485760
2628.8 104857600
2629.38 10485760
2764.17 104857600
2764.36 10485760
2796.31 104857600
2796.48 10485760
2878.72 104857600
2878.91 10485760
2913.58 104857600
2913.76 10485760
3029.54 104857600
3029.79 10485760
3062.43 104857600
3062.6 10485760
3093.66 104857600
3093.82 10485760
3124.86 104857600
3125.02 10485760
3125.02 104857600
3125.6 10485760
3266.5 104857600
3266.75 10485760
3399.68 104857600
3399.87 10485760
3470.65 104857600
3470.83 10485760
3521.59 104857600
3521.78 10485760
3552.89 104857600
3553.07 10485760
3584.17 104857600
3584.33 10485760
3615.37 104857600
3615.53 10485760
3646.56 104857600
3646.73 10485760
3646.73 104857600
3647.31 10485760
3791.48 104857600
3791.71 10485760
3825 104857600
3825.17 10485760
3892.42 104857600
3892.61 10485760
3924.12 104857600
3924.29 10485760
3955.38 104857600
3955.55 10485760
3986.61 104857600
3986.77 10485760
4047.41 104857600
4047.67 10485760
4080.74 104857600
4080.91 10485760
4080.91 104857600
4081.49 10485760
4112.85 104857600
4113.02 10485760
4459.77 104857600
4459.95 10485760
4491.27 104857600
4491.44 10485760
4522.62 104857600
4522.78 10485760
4553.84 104857600
4554 10485760
4585.04 104857600
4585.2 10485760
4616.23 104857600
4616.4 10485760
4647.42 104857600
4647.59 10485760
4647.59 104857600
4648.18 10485760
4648.19 104857600
4650.56 10485760
4692.51 104857600
4692.69 10485760
4724.21 104857600
4724.38 10485760
4819.19 104857600
4819.38 10485760
4939.02 104857600
4939.2 10485760
4983.43 104857600
4983.61 10485760
5014.94 104857600
5015.12 10485760
5046.45 104857600
5046.62 10485760
5077.82 104857600
5078 10485760
5078 104857600
5078.59 10485760
5219.64 104857600
5219.82 10485760
5504.54 104857600
5504.76 10485760
5538.23 104857600
5538.41 10485760
5631.37 104857600
5631.57 10485760
5674.7 104857600
5674.94 10485760
5766.64 104857600
5766.87 10485760
5799.83 104857600
5800.02 10485760
5831.15 104857600
5831.32 10485760
5831.32 104857600
5831.92 10485760
5877.39 104857600
5877.57 10485760
5909.13 104857600
5909.31 10485760
5980.4 104857600
5980.59 10485760
6165.41 104857600
6165.59 10485760
6196.74 104857600
6196.91 10485760
6228.03 104857600
6228.2 10485760
6259.33 104857600
6259.5 10485760
6290.6 104857600
6290.77 10485760
6290.77 104857600
6291.36 10485760
6459.41 104857600
6459.61 10485760
6491.06 104857600
6491.23 10485760
6525.12 104857600
6525.31 10485760
6576.32 104857600
6576.51 10485760
6607.66 104857600
6607.83 10485760
6638.97 104857600
6639.13 10485760
6670.29 104857600
6670.45 10485760
6701.55 104857600
6701.72 10485760
6701.72 104857600
6702.3 10485760
6733.64 104857600
6733.81 10485760
6765.08 104857600
6765.25 10485760
6796.36 104857600
6796.53 10485760
6827.57 104857600
6827.73 10485760
7080.1 104857600
7080.34 10485760
7113.77 104857600
7113.95 10485760
7145.07 104857600
7145.24 10485760
7176.37 104857600
7176.53 10485760
7176.54 104857600
7177.11 10485760
7257.98 104857600
7258.21 10485760
7353.03 104857600
7353.27 10485760
7385.95 104857600
7386.12 10485760
7417.27 104857600
7417.45 10485760
7475.22 104857600
7475.44 10485760
7507.94 104857600
7508.12 10485760
7539.38 104857600
7539.56 10485760
7570.78 104857600
7570.96 10485760
7570.96 104857600
7571.57 10485760
7695.26 104857600
7695.44 10485760
7726.72 104857600
7726.89 10485760
7758.05 104857600
7758.23 10485760
7789.39 104857600
7789.56 10485760
7820.74 104857600
7820.92 10485760
7852.1 104857600
7852.27 10485760
7883.46 104857600
7883.63 10485760
7914.82 104857600
7914.99 10485760
7914.99 104857600
7915.6 10485760
7946.69 104857600
7946.86 10485760
7977.96 104857600
7978.13 10485760
8009.28 104857600
8009.45 10485760
8040.58 104857600
8040.75 10485760
8071.89 104857600
8072.06 10485760
8103.36 104857600
8103.53 10485760
8134.62 104857600
8134.78 10485760
8165.9 104857600
8166.07 10485760
8166.07 104857600
8166.65 10485760
8166.66 104857600
8169.39 10485760
8372.75 104857600
8373.05 10485760
8462.26 104857600
8462.45 10485760
8575.57 104857600
8575.81 10485760
8650.11 104857600
8650.29 10485760
8681.74 104857600
8681.91 10485760
8713.15 104857600
8713.33 10485760
9190.74 104857600
9191.1 10485760
9226.69 104857600
9226.87 10485760
9226.87 104857600
9227.46 10485760
9346.92 104857600
9347.17 10485760
9382.76 104857600
9382.94 10485760
9442.01 104857600
9442.19 10485760
9473.62 104857600
9473.8 10485760
9505.16 104857600
9505.34 10485760
9658.6 104857600
9658.79 10485760
9689.96 104857600
9690.13 10485760
9721.29 104857600
9721.46 10485760
9721.46 104857600
9722.04 10485760
9818.46 104857600
9818.64 10485760
9857.76 104857600
9857.94 10485760
10097.1 104857600
10097.5 10485760
10174.2 104857600
10174.4 10485760
10205.6 104857600
10205.7 10485760
10236.9 104857600
10237.1 10485760
10366 104857600
10366.4 10485760
10402.5 104857600
10402.7 10485760
10402.7 104857600
10403.3 10485760
10434.7 104857600
10434.8 10485760
10466 104857600
10466.1 10485760
10497.4 104857600
10497.6 10485760
10528.7 104857600
10528.9 10485760
10559.8 104857600
10560 10485760
10591 104857600
10591.2 10485760
10622.3 104857600
10622.4 10485760
10653.5 104857600
10653.7 10485760
10653.7 104857600
10654.3 10485760
11516.2 104857600
11516.5 10485760
11566.8 104857600
11566.9 10485760
11659.2 104857600
11659.4 10485760
11691.8 104857600
11692 10485760
11762.6 104857600
11762.9 10485760
12014 104857600
12014.1 10485760
12045.4 104857600
12045.6 10485760
12076.7 104857600
12076.9 10485760
12076.9 104857600
12077.5 10485760
12108.7 104857600
12108.9 10485760
12140.2 104857600
12140.4 10485760
12171.5 104857600
12171.7 10485760
12202.8 104857600
12202.9 10485760
12238.1 104857600
12238.3 10485760
12269.9 104857600
12270 10485760
12301.2 104857600
12301.4 10485760
12332.6 104857600
12332.8 10485760
12332.8 104857600
12333.4 10485760
12467.3 104857600
12467.7 10485760
12502.9 104857600
12503 10485760
12563.2 104857600
12563.4 10485760
12594.6 104857600
12594.8 10485760
12625.9 104857600
12626.1 10485760
12657.2 104857600
12657.4 10485760
12688.6 104857600
12688.8 10485760
12719.8 104857600
12720 10485760
12720 104857600
12720.6 10485760
12751.7 104857600
12751.9 10485760
12783 104857600
12783.2 10485760
12814.3 104857600
12814.5 10485760
12845.4 104857600
12852.6 10485760
12886.3 104857600
12886.4 10485760
12917.3 104857600
12917.4 10485760
12951.4 104857600
13548.7 10485760
13598.5 104857600
13598.7 10485760
13598.7 104857600
13599.7 10485760
13599.7 104857600
13604.3 10485760
13862.5 104857600
13862.7 10485760
15967.5 104857600
15967.8 10485760
17016.8 104857600
17017 10485760
17048.6 104857600
17048.8 10485760
17161.3 104857600
17161.5 10485760
17218.1 104857600
17218.3 10485760
17250.3 104857600
17250.4 10485760
17281.7 104857600
17281.9 10485760
17281.9 104857600
17282.6 10485760
17315.9 104857600
17316.1 10485760
17356.6 104857600
17356.8 10485760
17451.2 104857600
17451.4 10485760
17593.3 104857600
17593.5 10485760
17626.4 104857600
17626.6 10485760
17662 104857600
17662.2 10485760
17693.3 104857600
17693.4 10485760
17724.5 104857600
17724.7 10485760
17724.7 104857600
17725.3 10485760
17810.8 104857600
17811 10485760
17842.5 104857600
17842.7 10485760
17902.2 104857600
17902.4 10485760
17935.5 104857600
17935.7 10485760
17968.5 104857600
17968.7 10485760
18000 104857600
18000.1 10485760
18031.4 104857600
18031.6 10485760
18062.8 104857600
18062.9 10485760
18062.9 104857600
18063.8 10485760
18104.2 104857600
18104.4 10485760
18135.9 104857600
18136.1 10485760
18167.4 104857600
18167.6 10485760
18221.7 104857600
18221.9 10485760
18253.1 104857600
18253.2 10485760
18284.3 104857600
18284.5 10485760
18315.6 104857600
18315.8 10485760
18346.9 104857600
18347.1 10485760
18347.1 104857600
18347.7 10485760
18542.1 104857600
18542.3 10485760
18574.3 104857600
18574.5 10485760
19589.2 104857600
19589.6 10485760
19625.3 104857600
19625.5 10485760
19656.7 104857600
19656.9 10485760
19742.7 104857600
19743 10485760
19811.3 104857600
19811.6 10485760
19857.1 104857600
19857.4 10485760
19857.4 104857600
19858.4 10485760
19955 104857600
19955.3 10485760
20015.9 104857600
20016.2 10485760
20051 104857600
20051.2 10485760
20082.6 104857600
20082.7 10485760
20114.9 104857600
20115 10485760
20146.2 104857600
20146.4 10485760
20177.4 104857600
20177.6 10485760
20208.6 104857600
20208.8 10485760
20208.8 104857600
20209.7 10485760
20279.4 104857600
20279.6 10485760
20321.9 104857600
20322.2 10485760
20366.4 104857600
20366.6 10485760
20398.1 104857600
20398.4 10485760
20429.6 104857600
20429.8 10485760
20461 104857600
20461.1 10485760
20492.4 104857600
20492.6 10485760
20524.4 104857600
20524.7 10485760
20524.7 104857600
20525.7 10485760
20557.3 104857600
20557.5 10485760
20589.3 104857600
20589.4 10485760
20621.2 104857600
20621.4 10485760
20652.7 104857600
20652.9 10485760
20684.2 104857600
20684.4 10485760
20715.6 104857600
20715.8 10485760
20746.9 104857600
20747.1 10485760
20778.2 104857600
20778.4 10485760
20778.4 104857600
20779 10485760
20779 104857600
20886.8 10485760
21214.4 104857600
21214.6 10485760
21306.9 104857600
21307.1 10485760
21391.5 104857600
21391.7 10485760
21554.7 104857600
21554.9 10485760
22378.7 104857600
22379 10485760
23509.1 104857600
23509.5 10485760
23911.6 104857600
23912 10485760
23948.7 104857600
23948.9 10485760
23948.9 104857600
23950.1 10485760
24137.1 104857600
24137.3 10485760
24169.1 104857600
24169.2 10485760
24200.7 104857600
24200.9 10485760
24232.4 104857600
24232.6 10485760
24263.9 104857600
24264.1 10485760
24295.4 104857600
24295.6 10485760
24326.7 104857600
24326.9 10485760
24358.1 104857600
24358.3 10485760
24358.3 104857600
24358.9 10485760
24430.9 104857600
24431.1 10485760
24470 104857600
24470.2 10485760
24621.1 104857600
24621.3 10485760
25017.9 104857600
25018.1 10485760
25259 104857600
25259.2 10485760
25291 104857600
25291.2 10485760
25633.5 104857600
25633.9 10485760
25671.2 104857600
25671.4 10485760
25671.4 104857600
25672.3 10485760
25919.6 104857600
25919.8 10485760
26246.6 104857600
26246.8 10485760
26279.8 104857600
26280 10485760
26407.5 104857600
26407.8 10485760
26477.9 104857600
26478.1 10485760
26510.6 104857600
26510.8 10485760
26542 104857600
26542.2 10485760
26573.3 104857600
26573.5 10485760
26573.5 104857600
26574.1 10485760
26724.9 104857600
26725.1 10485760
26764.7 104857600
26764.9 10485760
26831 104857600
26831.2 10485760
26954.1 104857600
26954.3 10485760
27182 104857600
27182.2 10485760
27353.6 104857600
27353.8 10485760
27541.1 104857600
27541.6 10485760
27598.7 104857600
27598.9 10485760
27599 104857600
27841.9 10485760
27968.4 104857600
27968.7 10485760
28091.4 104857600
28091.6 10485760
28266 104857600
28266.3 10485760
28298.4 104857600
28298.6 10485760
28406.1 104857600
28406.3 10485760
28555.7 104857600
28556 10485760
28588.6 104857600
28588.8 10485760
28620.8 104857600
28621 10485760
28621 104857600
28621.8 10485760
28967.5 104857600
28967.9 10485760
29342 104857600
29342.3 10485760
29399.4 104857600
29399.7 10485760
29432.6 104857600
29432.9 10485760
29565.6 104857600
29565.8 10485760
29964.9 104857600
29965.1 10485760
30028.1 104857600
30028.3 10485760
30060.5 104857600
30060.7 10485760
30060.7 104857600
30187.2 10485760
30240.7 104857600
30241 10485760
30274 104857600
30274.2 10485760
30320.4 104857600
30320.7 10485760
30427.8 104857600
30428 10485760
30509.7 104857600
30509.9 10485760
30625.8 104857600
30626.1 10485760
30747.1 104857600
30747.3 10485760
30778.8 104857600
30779 10485760
30779 104857600
30779.7 10485760
30779.7 104857600
32341 10485760
32496.4 104857600
32496.6 10485760
32530.1 104857600
32530.3 10485760
32605.9 104857600
32606.2 10485760
32639.3 104857600
32639.5 10485760
32676.9 104857600
32677.1 10485760
32712.1 104857600
32712.3 10485760
32746.8 104857600
32747 10485760
32778.2 104857600
32778.4 10485760
32778.4 104857600
32779 10485760
32814 104857600
32814.2 10485760
32881.7 104857600
32881.9 10485760
32917.2 104857600
32917.4 10485760
32952.9 104857600
32953.1 10485760
33008.5 104857600
33008.7 10485760
33095.4 104857600
33095.6 10485760
33126.7 104857600
33126.9 10485760
33158 104857600
33158.2 10485760
33158.2 104857600
33158.8 10485760
33361.3 104857600
33361.5 10485760
33411.5 104857600
33411.7 10485760
33512.8 104857600
33513 10485760
33568.2 104857600
33568.4 10485760
33600.1 104857600
33600.3 10485760
33640.1 104857600
33640.3 10485760
33684 104857600
33684.2 10485760
33715.7 104857600
33715.9 10485760
33715.9 104857600
33716.6 10485760
33778.7 104857600
33778.9 10485760
35269.7 104857600
35269.9 10485760
35332.7 104857600
35332.9 10485760
35458.7 104857600
35458.9 10485760
35771.4 104857600
35771.7 10485760
35803.3 104857600
35803.5 10485760
35834.7 104857600
35834.9 10485760
35866.2 104857600
35866.4 10485760
35866.4 104857600
35867.1 10485760
36002.8 104857600
36003 10485760
36153.3 104857600
36153.5 10485760
36194.6 104857600
36194.8 10485760
36226.1 104857600
36226.3 10485760
36327.4 104857600
36327.6 10485760
37636 104857600
37636.4 10485760
37673.6 104857600
37673.9 10485760
37705.1 104857600
37705.3 10485760
37705.3 104857600
37706.3 10485760
37829.3 104857600
37829.5 10485760
37876.4 104857600
37876.7 10485760
37922.7 104857600
37923 10485760
37969 104857600
37969.3 10485760
38195.1 104857600
38195.3 10485760
38241.3 104857600
38241.6 10485760
38291.1 104857600
38291.4 10485760
38322.5 104857600
38322.7 10485760
38322.7 104857600
38466.8 10485760
38802.5 104857600
38802.8 10485760
38856 104857600
38856.2 10485760
38966.3 104857600
38966.5 10485760
39041.9 104857600
39042.1 10485760
39095.7 104857600
39095.9 10485760
39128.5 104857600
39128.7 10485760
39207.1 104857600
39207.3 10485760
39238.6 104857600
39238.8 10485760
39342.9 104857600
39345.5 10485760
39833.5 104857600
39833.8 10485760
40149 104857600
40149.3 10485760
40183.7 104857600
40183.9 10485760
40215.2 104857600
40215.4 10485760
40246.8 104857600
40247 10485760
40278.3 104857600
40278.5 10485760
40376.2 104857600
40376.5 10485760
40408.3 104857600
40408.5 10485760
40408.5 104857600
40409.2 10485760
40409.2 104857600
40923.4 10485760
42592.5 104857600
42592.8 10485760
42715.8 104857600
42716 10485760
42871.2 104857600
42871.4 10485760
42903.4 104857600
42903.6 10485760
42991.9 104857600
42992.1 10485760
43034 104857600
43034.2 10485760
43091.2 104857600
43091.5 10485760
43124.8 104857600
43125 10485760
43125 104857600
43125.6 10485760
43775.5 104857600
43775.9 10485760
44045.2 104857600
44045.5 10485760
44105.2 104857600
44105.4 10485760
44221 104857600
44221.2 10485760
44253.2 104857600
44253.4 10485760
44299.5 104857600
44299.8 10485760
44331.2 104857600
44331.4 10485760
44362.9 104857600
44363 10485760
44363.1 104857600
44363.7 10485760
44407.7 104857600
44407.9 10485760
44442.9 104857600
44443.1 10485760
44760 104857600
44760.3 10485760
44842.7 104857600
44842.9 10485760
44931.3 104857600
44931.6 10485760
44962.9 104857600
44963.1 10485760
45112.5 104857600
45113 10485760
45146.7 104857600
45146.8 10485760
45146.9 104857600
45147.5 10485760
45316.4 104857600
45316.5 10485760
45519.7 104857600
45520 10485760
45884.2 104857600
45884.4 10485760
46066 104857600
46066.2 10485760
46176.7 104857600
46177 10485760
46208.7 104857600
46208.9 10485760
46285.1 104857600
46285.3 10485760
46316.5 104857600
46316.7 10485760
46316.7 104857600
46317.4 10485760
46443.4 104857600
46443.6 10485760
46485.6 104857600
46485.8 10485760
46744.3 104857600
46744.8 10485760
46838.3 104857600
46838.5 10485760
46920.7 104857600
46921 10485760
47031.4 104857600
47031.7 10485760
47179.3 104857600
47179.5 10485760
47293.4 104857600
47293.6 10485760
47293.6 104857600
47294.6 10485760
47670.3 104857600
47670.5 10485760
47877.2 104857600
47877.5 10485760
47972.1 104857600
47972.3 10485760
48369.5 104857600
48369.7 10485760
48406.5 104857600
48406.7 10485760
48465.4 104857600
48465.6 10485760
48496.8 104857600
48497 10485760
48528.2 104857600
48528.4 10485760
48528.4 104857600
48530 10485760
48738.1 104857600
48738.3 10485760
48865.8 104857600
48866 10485760
48936.5 104857600
48936.8 10485760
48971 104857600
48971.2 10485760
49289.1 104857600
49289.4 10485760
49325.2 104857600
49325.4 10485760
49770.6 104857600
49770.9 10485760
49809.2 104857600
49809.4 10485760
49809.4 104857600
49810.3 10485760
49891.5 104857600
49891.7 10485760
49923.5 104857600
49923.7 10485760
50030.6 104857600
50030.8 10485760
50062.3 104857600
50062.5 10485760
50160 104857600
50160.3 10485760
50214.1 104857600
50214.3 10485760
50258.4 104857600
50258.7 10485760
50291.7 104857600
50291.9 10485760
50291.9 104857600
50364.4 10485760
50364.4 104857600
51877.7 10485760
52069.7 104857600
52069.9 10485760
52118.8 104857600
52119 10485760
52325.7 104857600
52325.9 10485760
52360.2 104857600
52360.4 10485760
52445 104857600
52445.2 10485760
52498.8 104857600
52499 10485760
52538.7 104857600
52538.9 10485760
52570.1 104857600
52570.3 10485760
52570.3 104857600
52571 10485760
52654.3 104857600
52654.5 10485760
52895.4 104857600
52895.6 10485760
52986.6 104857600
52986.8 10485760
53023.3 104857600
53023.5 10485760
53300.4 104857600
53300.7 10485760
53332.9 104857600
53333.1 10485760
53364.4 104857600
53364.6 10485760
53395.7 104857600
53395.9 10485760
53395.9 104857600
53396.5 10485760
53554 104857600
53554.3 10485760
53596.5 104857600
53596.7 10485760
53839.4 104857600
53839.7 10485760
53922.5 104857600
53922.7 10485760
54044.8 104857600
54045 10485760
54152.8 104857600
54153 10485760
54323.2 104857600
54323.9 10485760
54358.4 104857600
54358.5 10485760
54358.5 104857600
54359.6 10485760
54838.3 104857600
54838.5 10485760
55074.1 104857600
55074.3 10485760
55270.4 104857600
55270.6 10485760
55354.9 104857600
55355.1 10485760
55405.3 104857600
55405.5 10485760
55470.5 104857600
55470.8 10485760
55502.2 104857600
55502.4 10485760
55533.5 104857600
55533.7 10485760
55533.7 104857600
55534.3 10485760
55604.2 104857600
55604.4 10485760
55637.1 104857600
55637.3 10485760
55729.3 104857600
55729.5 10485760
55760.8 104857600
55760.9 10485760
55828.5 104857600
55828.7 10485760
56023 104857600
56023.3 10485760
56229.1 104857600
56229.4 10485760
56262.7 104857600
56262.9 10485760
56262.9 104857600
56263.5 10485760
56414.5 104857600
56414.8 10485760
56482.6 104857600
56482.8 10485760
56553.6 104857600
56553.8 10485760
56585.3 104857600
56585.5 10485760
56636 104857600
56636.2 10485760
57205.7 104857600
57205.9 10485760
57237.1 104857600
57237.3 10485760
57268.6 104857600
57268.8 10485760
57268.8 104857600
57269.7 10485760
57388.3 104857600
57388.5 10485760
57538.9 104857600
57539.1 10485760
57749.4 104857600
57749.6 10485760
57781.2 104857600
57781.4 10485760
57895.7 104857600
57895.9 10485760
57938.3 104857600
57938.5 10485760
58076.7 104857600
58076.9 10485760
58110.1 104857600
58110.3 10485760
58110.3 104857600
58110.9 10485760
58142.6 104857600
58142.8 10485760
58298.7 104857600
58299 10485760
58369.2 104857600
58369.5 10485760
58400.7 104857600
58400.9 10485760
58451.4 104857600
58451.6 10485760
58501.8 104857600
58502 10485760
58533.1 104857600
58533.3 10485760
58564.3 104857600
58564.5 10485760
58564.5 104857600
58565.1 10485760
58565.1 104857600
59963.2 10485760
59963.2 104857600
60668.6 10485760
