18653 50331648
18795 33554432
36701 50331648
36836 33554432
55045 50331648
55191 33554432
73706 50331648
73852 33554432
92226 50331648
92349 33554432
110598 50331648
110739 33554432
128676 50331648
128836 33554432
147176 50331648
147335 33554432
147336 201326592
147713 33554432
165794 50331648
165951 33554432
183845 50331648
183985 33554432
202210 50331648
202360 33554432
220766 50331648
220901 33554432
239196 50331648
239323 33554432
257249 50331648
257409 33554432
275991 50331648
276130 33554432
294682 50331648
294843 33554432
294844 201326592
295201 33554432
313165 50331648
313300 33554432
331484 50331648
331625 33554432
349879 50331648
350038 33554432
368006 50331648
368159 33554432
386299 50331648
386443 33554432
404645 50331648
404793 33554432
422921 50331648
423074 33554432
441407 50331648
441544 33554432
441545 201326592
441921 33554432
459947 50331648
460087 33554432
478773 50331648
478931 33554432
497385 50331648
497540 33554432
515744 50331648
515885 33554432
534179 50331648
534328 33554432
552599 50331648
552733 33554432
571191 50331648
571345 33554432
589843 50331648
589986 33554432
589987 201326592
590356 33554432
608060 50331648
608203 33554432
626203 50331648
626342 33554432
644424 50331648
644562 33554432
663291 50331648
663464 33554432
681419 50331648
681579 33554432
699735 50331648
699885 33554432
718357 50331648
718494 33554432
736685 50331648
736848 33554432
736849 201326592
737229 33554432
755125 50331648
755258 33554432
773016 50331648
773187 33554432
791763 50331648
791937 33554432
810655 50331648
810810 33554432
828570 50331648
828728 33554432
847113 50331648
847268 33554432
865720 50331648
865870 33554432
884159 50331648
884320 33554432
884320 201326592
884689 33554432
902587 50331648
902746 33554432
920923 50331648
921070 33554432
939018 50331648
939160 33554432
957703 50331648
957845 33554432
975863 50331648
976007 33554432
994221 50331648
994355 33554432
1.01249e+06 50331648
1.01264e+06 33554432
1.03085e+06 50331648
1.03099e+06 33554432
1.03099e+06 201326592
1.03135e+06 33554432
1.04972e+06 50331648
1.04986e+06 33554432
1.06785e+06 50331648
1.068e+06 33554432
1.08629e+06 50331648
1.08644e+06 33554432
1.10468e+06 50331648
1.10482e+06 33554432
1.12298e+06 50331648
1.12312e+06 33554432
1.14142e+06 50331648
1.14158e+06 33554432
1.16004e+06 50331648
1.1602e+06 33554432
1.17881e+06 50331648
1.17896e+06 33554432
1.17896e+06 201326592
1.17934e+06 33554432
1.17934e+06 805306368
1.18086e+06 33554432
