87280.7 147000000
88626.1 147000000
176254 147000000
177434 147000000
264364 147000000
265472 147000000
352489 147000000
353624 147000000
441756 147000000
442916 147000000
530571 147000000
531741 147000000
618515 147000000
619494 147000000
707106 147000000
708127 147000000
709014 588000000
713075 588000000
802539 147000000
803776 147000000
890623 147000000
892784 147000000
979565 147000000
980752 147000000
1.06908e+06 147000000
1.0701e+06 147000000
1.15722e+06 147000000
1.15828e+06 147000000
1.2451e+06 147000000
1.24614e+06 147000000
1.33321e+06 147000000
1.33424e+06 147000000
1.42025e+06 147000000
1.42171e+06 147000000
1.42253e+06 588000000
1.42644e+06 588000000
1.51697e+06 147000000
1.51818e+06 147000000
1.60457e+06 147000000
1.60604e+06 147000000
1.69197e+06 147000000
1.69315e+06 147000000
1.78013e+06 147000000
1.78143e+06 147000000
1.86834e+06 147000000
1.86969e+06 147000000
1.95517e+06 147000000
1.95632e+06 147000000
2.04807e+06 147000000
2.05045e+06 147000000
2.14037e+06 147000000
2.14148e+06 147000000
2.14221e+06 588000000
2.14644e+06 588000000
2.23687e+06 147000000
2.23845e+06 147000000
2.32517e+06 147000000
2.32639e+06 147000000
2.41339e+06 147000000
2.41455e+06 147000000
2.50195e+06 147000000
2.50309e+06 147000000
2.59044e+06 147000000
2.5914e+06 147000000
2.67972e+06 147000000
2.68071e+06 147000000
2.76794e+06 147000000
2.76923e+06 147000000
2.85612e+06 147000000
2.8573e+06 147000000
2.85811e+06 588000000
2.8621e+06 588000000
2.952e+06 147000000
2.95311e+06 147000000
3.04243e+06 147000000
3.04332e+06 147000000
3.12999e+06 147000000
3.13113e+06 147000000
3.21891e+06 147000000
3.2201e+06 147000000
3.30826e+06 147000000
3.30933e+06 147000000
3.39601e+06 147000000
3.39712e+06 147000000
3.48419e+06 147000000
3.4856e+06 147000000
3.57273e+06 147000000
3.57388e+06 147000000
3.57485e+06 588000000
3.57863e+06 588000000
3.6679e+06 147000000
3.66912e+06 147000000
3.75669e+06 147000000
3.75797e+06 147000000
3.84609e+06 147000000
3.84719e+06 147000000
3.9345e+06 147000000
3.93573e+06 147000000
4.02496e+06 147000000
4.02638e+06 147000000
4.11541e+06 147000000
4.11634e+06 147000000
4.20379e+06 147000000
4.20489e+06 147000000
4.30149e+06 147000000
4.30302e+06 147000000
4.30408e+06 588000000
4.30776e+06 588000000
4.39777e+06 147000000
4.39894e+06 147000000
4.48747e+06 147000000
4.48851e+06 147000000
4.58245e+06 147000000
4.58357e+06 147000000
4.67187e+06 147000000
4.67384e+06 147000000
4.76108e+06 147000000
4.76208e+06 147000000
4.84961e+06 147000000
4.85078e+06 147000000
4.93953e+06 147000000
4.9409e+06 147000000
5.02885e+06 147000000
5.02999e+06 147000000
5.03073e+06 588000000
5.03502e+06 588000000
5.12448e+06 147000000
5.12562e+06 147000000
5.21407e+06 147000000
5.21539e+06 147000000
5.30267e+06 147000000
5.30382e+06 147000000
5.39135e+06 147000000
5.39246e+06 147000000
5.48109e+06 147000000
5.48249e+06 147000000
5.56987e+06 147000000
5.57095e+06 147000000
5.65861e+06 147000000
5.65979e+06 147000000
5.74763e+06 147000000
5.74873e+06 147000000
5.74958e+06 588000000
5.75351e+06 588000000
5.75641e+06 2352000000
5.77126e+06 2352000000
