2747 15187500
2779 10485760
5574 15187500
5607 10485760
8405 15187500
8438 10485760
11338 15187500
11371 10485760
14114 15187500
14143 10485760
17028 15187500
17062 10485760
19954 15187500
19985 10485760
22863 15187500
22899 10485760
22899 60750000
22993 10485760
25896 15187500
25930 10485760
28815 15187500
28847 10485760
31784 15187500
31819 10485760
34823 15187500
34855 10485760
37788 15187500
37820 10485760
40738 15187500
40772 10485760
43717 15187500
43754 10485760
46701 15187500
46736 10485760
46736 60750000
46834 10485760
49779 15187500
49812 10485760
52744 15187500
52781 10485760
55802 15187500
55836 10485760
58841 15187500
58877 10485760
61927 15187500
61962 10485760
64964 15187500
64997 10485760
68063 15187500
68100 10485760
71107 15187500
71139 10485760
71140 60750000
71232 10485760
74104 15187500
74142 10485760
77148 15187500
77181 10485760
80318 15187500
80353 10485760
83421 15187500
83456 10485760
86460 15187500
86493 10485760
89517 15187500
89550 10485760
92550 15187500
92582 10485760
95682 15187500
95716 10485760
95716 60750000
95809 10485760
98875 15187500
98910 10485760
101902 15187500
101938 10485760
104994 15187500
105028 10485760
108067 15187500
108101 10485760
111128 15187500
111162 10485760
114130 15187500
114164 10485760
117123 15187500
117155 10485760
120180 15187500
120216 10485760
120217 60750000
120308 10485760
123257 15187500
123292 10485760
126331 15187500
126362 10485760
129369 15187500
129405 10485760
132436 15187500
132470 10485760
135563 15187500
135596 10485760
138830 15187500
138866 10485760
141985 15187500
142015 10485760
145100 15187500
145139 10485760
145139 60750000
145233 10485760
148326 15187500
148360 10485760
151449 15187500
151486 10485760
154418 15187500
154455 10485760
157483 15187500
157521 10485760
160610 15187500
160647 10485760
163875 15187500
163909 10485760
167026 15187500
167062 10485760
170009 15187500
170039 10485760
170039 60750000
170132 10485760
173166 15187500
173202 10485760
176208 15187500
176245 10485760
179379 15187500
179413 10485760
182371 15187500
182400 10485760
185393 15187500
185426 10485760
188499 15187500
188535 10485760
191518 15187500
191556 10485760
194552 15187500
194588 10485760
194589 60750000
194679 10485760
194679 243000000
195037 10485760
198266 15187500
198302 10485760
201398 15187500
201439 10485760
204487 15187500
204521 10485760
207590 15187500
207623 10485760
210810 15187500
210846 10485760
213965 15187500
214002 10485760
217104 15187500
217133 10485760
220267 15187500
220297 10485760
220298 60750000
220393 10485760
223446 15187500
223479 10485760
226536 15187500
226570 10485760
229760 15187500
229789 10485760
232982 15187500
233016 10485760
236081 15187500
236117 10485760
239151 15187500
239186 10485760
242435 15187500
242472 10485760
245670 15187500
245705 10485760
245706 60750000
245798 10485760
248760 15187500
248796 10485760
252001 15187500
252040 10485760
255155 15187500
255189 10485760
258352 15187500
258387 10485760
261371 15187500
261407 10485760
264390 15187500
264425 10485760
267561 15187500
267601 10485760
270709 15187500
270745 10485760
270745 60750000
270839 10485760
273968 15187500
274007 10485760
277178 15187500
277209 10485760
280372 15187500
280408 10485760
283514 15187500
283549 10485760
286659 15187500
286689 10485760
289813 15187500
289848 10485760
292914 15187500
292949 10485760
295914 15187500
295947 10485760
295947 60750000
296041 10485760
299085 15187500
299129 10485760
302301 15187500
302338 10485760
305332 15187500
305366 10485760
308463 15187500
308499 10485760
311642 15187500
311679 10485760
314699 15187500
314735 10485760
317915 15187500
317950 10485760
321114 15187500
321148 10485760
321148 60750000
321240 10485760
324439 15187500
324474 10485760
327577 15187500
327615 10485760
330845 15187500
330881 10485760
333978 15187500
334006 10485760
337188 15187500
337224 10485760
340323 15187500
340357 10485760
343396 15187500
343433 10485760
346607 15187500
346637 10485760
346637 60750000
346720 10485760
349840 15187500
349875 10485760
352995 15187500
353031 10485760
356221 15187500
356256 10485760
359434 15187500
359470 10485760
362737 15187500
362773 10485760
365811 15187500
365849 10485760
369015 15187500
369050 10485760
372261 15187500
372298 10485760
372299 60750000
372401 10485760
375623 15187500
375662 10485760
378763 15187500
378802 10485760
381941 15187500
381977 10485760
385176 15187500
385215 10485760
388316 15187500
388353 10485760
391546 15187500
391585 10485760
394696 15187500
394731 10485760
397795 15187500
397831 10485760
397832 60750000
397924 10485760
397925 243000000
398285 10485760
401415 15187500
401454 10485760
404682 15187500
404719 10485760
407873 15187500
407910 10485760
411131 15187500
411165 10485760
414388 15187500
414425 10485760
417670 15187500
417709 10485760
420832 15187500
420868 10485760
424108 15187500
424144 10485760
424145 60750000
424239 10485760
427413 15187500
427452 10485760
430680 15187500
430718 10485760
433935 15187500
433968 10485760
437324 15187500
437360 10485760
440654 15187500
440691 10485760
443929 15187500
443964 10485760
447128 15187500
447159 10485760
450441 15187500
450476 10485760
450477 60750000
450570 10485760
453709 15187500
453744 10485760
456886 15187500
456920 10485760
460228 15187500
460263 10485760
463439 15187500
463477 10485760
466527 15187500
466564 10485760
469854 15187500
469892 10485760
473207 15187500
473243 10485760
476415 15187500
476450 10485760
476451 60750000
476544 10485760
479898 15187500
479935 10485760
483216 15187500
483253 10485760
486450 15187500
486488 10485760
489729 15187500
489766 10485760
493072 15187500
493108 10485760
496275 15187500
496312 10485760
499630 15187500
499661 10485760
503029 15187500
503066 10485760
503066 60750000
503156 10485760
506359 15187500
506397 10485760
509647 15187500
509682 10485760
512871 15187500
512906 10485760
516027 15187500
516062 10485760
519305 15187500
519336 10485760
522607 15187500
522643 10485760
525865 15187500
525902 10485760
529091 15187500
529122 10485760
529122 60750000
529214 10485760
532681 15187500
532716 10485760
535910 15187500
535945 10485760
539257 15187500
539295 10485760
542563 15187500
542602 10485760
545819 15187500
545856 10485760
549161 15187500
549202 10485760
552635 15187500
552674 10485760
556070 15187500
556103 10485760
556103 60750000
556192 10485760
559441 15187500
559476 10485760
562773 15187500
562809 10485760
566060 15187500
566096 10485760
569291 15187500
569327 10485760
572538 15187500
572575 10485760
576028 15187500
576061 10485760
579522 15187500
579561 10485760
582812 15187500
582849 10485760
582849 60750000
582942 10485760
586229 15187500
586264 10485760
589530 15187500
589564 10485760
592788 15187500
592823 10485760
596033 15187500
596068 10485760
599534 15187500
599571 10485760
602973 15187500
603010 10485760
606542 15187500
606576 10485760
610016 15187500
610049 10485760
610050 60750000
610157 10485760
610157 243000000
610523 10485760
613930 15187500
613964 10485760
617330 15187500
617364 10485760
620590 15187500
620625 10485760
623862 15187500
623899 10485760
627289 15187500
627323 10485760
630591 15187500
630624 10485760
633966 15187500
634002 10485760
637116 15187500
637153 10485760
637154 60750000
637247 10485760
640489 15187500
640526 10485760
643932 15187500
643967 10485760
647309 15187500
647344 10485760
650715 15187500
650746 10485760
654074 15187500
654115 10485760
657528 15187500
657564 10485760
660981 15187500
661016 10485760
664478 15187500
664514 10485760
664515 60750000
664592 10485760
667979 15187500
668014 10485760
671290 15187500
671325 10485760
674617 15187500
674657 10485760
677959 15187500
677994 10485760
681299 15187500
681334 10485760
684748 15187500
684778 10485760
688202 15187500
688233 10485760
691677 15187500
691708 10485760
691708 60750000
691801 10485760
695178 15187500
695215 10485760
698542 15187500
698580 10485760
701862 15187500
701894 10485760
705238 15187500
705279 10485760
708722 15187500
708756 10485760
712159 15187500
712194 10485760
715515 15187500
715552 10485760
718895 15187500
718929 10485760
718929 60750000
719013 10485760
722371 15187500
722410 10485760
725776 15187500
725813 10485760
729221 15187500
729256 10485760
732612 15187500
732647 10485760
736075 15187500
736110 10485760
739494 15187500
739526 10485760
743048 15187500
743082 10485760
746494 15187500
746529 10485760
746530 60750000
746622 10485760
750045 15187500
750082 10485760
753375 15187500
753414 10485760
756872 15187500
756908 10485760
760441 15187500
760476 10485760
763754 15187500
763790 10485760
767311 15187500
767346 10485760
770816 15187500
770851 10485760
774177 15187500
774214 10485760
774214 60750000
774307 10485760
777756 15187500
777791 10485760
780974 15187500
781009 10485760
784295 15187500
784335 10485760
787606 15187500
787644 10485760
790957 15187500
790994 10485760
794382 15187500
794420 10485760
797790 15187500
797826 10485760
801409 15187500
801445 10485760
801446 60750000
801538 10485760
805144 15187500
805177 10485760
808678 15187500
808714 10485760
812260 15187500
812294 10485760
815728 15187500
815763 10485760
819304 15187500
819338 10485760
822798 15187500
822834 10485760
826312 15187500
826346 10485760
829640 15187500
829678 10485760
829678 60750000
829772 10485760
829773 243000000
830129 10485760
833504 15187500
833534 10485760
836998 15187500
837029 10485760
840447 15187500
840482 10485760
843921 15187500
843957 10485760
847315 15187500
847350 10485760
850979 15187500
851015 10485760
854607 15187500
854645 10485760
858214 15187500
858248 10485760
858249 60750000
858344 10485760
862051 15187500
862086 10485760
865847 15187500
865883 10485760
869420 15187500
869457 10485760
873008 15187500
873042 10485760
876300 15187500
876338 10485760
879678 15187500
879712 10485760
883135 15187500
883160 10485760
886520 15187500
886555 10485760
886555 60750000
886645 10485760
890083 15187500
890119 10485760
893498 15187500
893534 10485760
896966 15187500
897002 10485760
900456 15187500
900494 10485760
903921 15187500
903959 10485760
907429 15187500
907463 10485760
911168 15187500
911200 10485760
914986 15187500
915019 10485760
915019 60750000
915113 10485760
918733 15187500
918767 10485760
922524 15187500
922559 10485760
926130 15187500
926168 10485760
929753 15187500
929793 10485760
933430 15187500
933470 10485760
937358 15187500
937392 10485760
941035 15187500
941071 10485760
944784 15187500
944820 10485760
944820 60750000
944916 10485760
948705 15187500
948743 10485760
952299 15187500
952336 10485760
956311 15187500
956347 10485760
960273 15187500
960304 10485760
964101 15187500
964139 10485760
968088 15187500
968124 10485760
971794 15187500
971831 10485760
975493 15187500
975529 10485760
975530 60750000
975624 10485760
979436 15187500
979471 10485760
983443 15187500
983479 10485760
987474 15187500
987502 10485760
991580 15187500
991613 10485760
995926 15187500
995960 10485760
1.00015e+06 15187500
1.00019e+06 10485760
1.0045e+06 15187500
1.00453e+06 10485760
1.00852e+06 15187500
1.00856e+06 10485760
1.00856e+06 60750000
1.00864e+06 10485760
1.01335e+06 15187500
1.01339e+06 10485760
1.01728e+06 15187500
1.01732e+06 10485760
1.0211e+06 15187500
1.02112e+06 10485760
1.02514e+06 15187500
1.02517e+06 10485760
1.02895e+06 15187500
1.02898e+06 10485760
1.03314e+06 15187500
1.03317e+06 10485760
1.03706e+06 15187500
1.0371e+06 10485760
1.04111e+06 15187500
1.04114e+06 10485760
1.04114e+06 60750000
1.04124e+06 10485760
1.04523e+06 15187500
1.04527e+06 10485760
1.04907e+06 15187500
1.04911e+06 10485760
1.05327e+06 15187500
1.05331e+06 10485760
1.05791e+06 15187500
1.05795e+06 10485760
1.06216e+06 15187500
1.0622e+06 10485760
1.06654e+06 15187500
1.06658e+06 10485760
1.07083e+06 15187500
1.07086e+06 10485760
1.07542e+06 15187500
1.07546e+06 10485760
1.07546e+06 60750000
1.07555e+06 10485760
1.07555e+06 243000000
1.07593e+06 10485760
1.0814e+06 15187500
1.08143e+06 10485760
1.08712e+06 15187500
1.08716e+06 10485760
1.09247e+06 15187500
1.09251e+06 10485760
1.09782e+06 15187500
1.09786e+06 10485760
1.10372e+06 15187500
1.10375e+06 10485760
1.10833e+06 15187500
1.10836e+06 10485760
1.11346e+06 15187500
1.1135e+06 10485760
1.11884e+06 15187500
1.11887e+06 10485760
1.11887e+06 60750000
1.11897e+06 10485760
1.12423e+06 15187500
1.12427e+06 10485760
1.1297e+06 15187500
1.12973e+06 10485760
1.13529e+06 15187500
1.13533e+06 10485760
1.14154e+06 15187500
1.14158e+06 10485760
1.14685e+06 15187500
1.14688e+06 10485760
1.15219e+06 15187500
1.15223e+06 10485760
1.1577e+06 15187500
1.15774e+06 10485760
1.16411e+06 15187500
1.16414e+06 10485760
1.16414e+06 60750000
1.16424e+06 10485760
1.17099e+06 15187500
1.17102e+06 10485760
1.17798e+06 15187500
1.17802e+06 10485760
1.18451e+06 15187500
1.18455e+06 10485760
1.1901e+06 15187500
1.19014e+06 10485760
1.19661e+06 15187500
1.19664e+06 10485760
1.20258e+06 15187500
1.20262e+06 10485760
1.20799e+06 15187500
1.20803e+06 10485760
1.21336e+06 15187500
1.2134e+06 10485760
1.2134e+06 60750000
1.21349e+06 10485760
1.21956e+06 15187500
1.2196e+06 10485760
1.22492e+06 15187500
1.22495e+06 10485760
1.23045e+06 15187500
1.23049e+06 10485760
1.23608e+06 15187500
1.23611e+06 10485760
1.24129e+06 15187500
1.24132e+06 10485760
1.24611e+06 15187500
1.24615e+06 10485760
1.2509e+06 15187500
1.25094e+06 10485760
1.25633e+06 15187500
1.25637e+06 10485760
1.25637e+06 60750000
1.25646e+06 10485760
1.26188e+06 15187500
1.26192e+06 10485760
1.26688e+06 15187500
1.26691e+06 10485760
1.27222e+06 15187500
1.27225e+06 10485760
1.27784e+06 15187500
1.27787e+06 10485760
1.28366e+06 15187500
1.2837e+06 10485760
1.28938e+06 15187500
1.28942e+06 10485760
1.29503e+06 15187500
1.29506e+06 10485760
1.30038e+06 15187500
1.30041e+06 10485760
1.30041e+06 60750000
1.3005e+06 10485760
1.30555e+06 15187500
1.30558e+06 10485760
1.31035e+06 15187500
1.31039e+06 10485760
1.31522e+06 15187500
1.31526e+06 10485760
1.32091e+06 15187500
1.32094e+06 10485760
1.32669e+06 15187500
1.32673e+06 10485760
1.33152e+06 15187500
1.33156e+06 10485760
1.33712e+06 15187500
1.33716e+06 10485760
1.34346e+06 15187500
1.34349e+06 10485760
1.3435e+06 60750000
1.34358e+06 10485760
1.34982e+06 15187500
1.34985e+06 10485760
1.35631e+06 15187500
1.35634e+06 10485760
1.36276e+06 15187500
1.36279e+06 10485760
1.36962e+06 15187500
1.36965e+06 10485760
1.37692e+06 15187500
1.37695e+06 10485760
1.3834e+06 15187500
1.38344e+06 10485760
1.3892e+06 15187500
1.38923e+06 10485760
1.3944e+06 15187500
1.39444e+06 10485760
1.39444e+06 60750000
1.39452e+06 10485760
1.39976e+06 15187500
1.39979e+06 10485760
1.4048e+06 15187500
1.40484e+06 10485760
1.41041e+06 15187500
1.41045e+06 10485760
1.41603e+06 15187500
1.41607e+06 10485760
1.42059e+06 15187500
1.42062e+06 10485760
1.42516e+06 15187500
1.4252e+06 10485760
1.43031e+06 15187500
1.43034e+06 10485760
1.43591e+06 15187500
1.43595e+06 10485760
1.43595e+06 60750000
1.43604e+06 10485760
1.43604e+06 243000000
1.43641e+06 10485760
1.44348e+06 15187500
1.44351e+06 10485760
1.45045e+06 15187500
1.45048e+06 10485760
1.45699e+06 15187500
1.45702e+06 10485760
1.46396e+06 15187500
1.46399e+06 10485760
1.47094e+06 15187500
1.47096e+06 10485760
1.47732e+06 15187500
1.47735e+06 10485760
1.4841e+06 15187500
1.48413e+06 10485760
1.49029e+06 15187500
1.49032e+06 10485760
1.49032e+06 60750000
1.49041e+06 10485760
1.49728e+06 15187500
1.49731e+06 10485760
1.50509e+06 15187500
1.50512e+06 10485760
1.51219e+06 15187500
1.51222e+06 10485760
1.51882e+06 15187500
1.51885e+06 10485760
1.52568e+06 15187500
1.52571e+06 10485760
1.53243e+06 15187500
1.53246e+06 10485760
1.53888e+06 15187500
1.53892e+06 10485760
1.54611e+06 15187500
1.54614e+06 10485760
1.54614e+06 60750000
1.54622e+06 10485760
1.55341e+06 15187500
1.55344e+06 10485760
1.55913e+06 15187500
1.55916e+06 10485760
1.56563e+06 15187500
1.56566e+06 10485760
1.57196e+06 15187500
1.57199e+06 10485760
1.57841e+06 15187500
1.57845e+06 10485760
1.58462e+06 15187500
1.58466e+06 10485760
1.59086e+06 15187500
1.5909e+06 10485760
1.59635e+06 15187500
1.59638e+06 10485760
1.59638e+06 60750000
1.59648e+06 10485760
1.60373e+06 15187500
1.60377e+06 10485760
1.61129e+06 15187500
1.61132e+06 10485760
1.6187e+06 15187500
1.61874e+06 10485760
1.62509e+06 15187500
1.62512e+06 10485760
1.63226e+06 15187500
1.6323e+06 10485760
1.63933e+06 15187500
1.63936e+06 10485760
1.64637e+06 15187500
1.6464e+06 10485760
1.65422e+06 15187500
1.65425e+06 10485760
1.65425e+06 60750000
1.65435e+06 10485760
1.66105e+06 15187500
1.66109e+06 10485760
1.66858e+06 15187500
1.66862e+06 10485760
1.67615e+06 15187500
1.67619e+06 10485760
1.68374e+06 15187500
1.68377e+06 10485760
1.69033e+06 15187500
1.69036e+06 10485760
1.69698e+06 15187500
1.69701e+06 10485760
1.70441e+06 15187500
1.70444e+06 10485760
1.7113e+06 15187500
1.71134e+06 10485760
1.71134e+06 60750000
1.71143e+06 10485760
1.71848e+06 15187500
1.71851e+06 10485760
1.72557e+06 15187500
1.7256e+06 10485760
1.73268e+06 15187500
1.73272e+06 10485760
1.74015e+06 15187500
1.74018e+06 10485760
1.74771e+06 15187500
1.74775e+06 10485760
1.75497e+06 15187500
1.75501e+06 10485760
1.76241e+06 15187500
1.76245e+06 10485760
1.76983e+06 15187500
1.76987e+06 10485760
1.76987e+06 60750000
1.76996e+06 10485760
1.77683e+06 15187500
1.77687e+06 10485760
1.78385e+06 15187500
1.78389e+06 10485760
1.79087e+06 15187500
1.7909e+06 10485760
1.7989e+06 15187500
1.79894e+06 10485760
1.80692e+06 15187500
1.80696e+06 10485760
1.81502e+06 15187500
1.81506e+06 10485760
1.82324e+06 15187500
1.82328e+06 10485760
1.83205e+06 15187500
1.83208e+06 10485760
1.83208e+06 60750000
1.83218e+06 10485760
1.83903e+06 15187500
1.83906e+06 10485760
1.84635e+06 15187500
1.84639e+06 10485760
1.8541e+06 15187500
1.85413e+06 10485760
1.86216e+06 15187500
1.8622e+06 10485760
1.87061e+06 15187500
1.87065e+06 10485760
1.87915e+06 15187500
1.87918e+06 10485760
1.88681e+06 15187500
1.88684e+06 10485760
1.89395e+06 15187500
1.89399e+06 10485760
1.89399e+06 60750000
1.89408e+06 10485760
1.89408e+06 243000000
1.89445e+06 10485760
1.90264e+06 15187500
1.90268e+06 10485760
1.9105e+06 15187500
1.91053e+06 10485760
1.91895e+06 15187500
1.91899e+06 10485760
1.92774e+06 15187500
1.92778e+06 10485760
1.93469e+06 15187500
1.93473e+06 10485760
1.94286e+06 15187500
1.9429e+06 10485760
1.95123e+06 15187500
1.95126e+06 10485760
1.95904e+06 15187500
1.95908e+06 10485760
1.95908e+06 60750000
1.95916e+06 10485760
1.9667e+06 15187500
1.96674e+06 10485760
1.97524e+06 15187500
1.97528e+06 10485760
1.98323e+06 15187500
1.98327e+06 10485760
1.99073e+06 15187500
1.99076e+06 10485760
1.99766e+06 15187500
1.9977e+06 10485760
2.00547e+06 15187500
2.0055e+06 10485760
2.01352e+06 15187500
2.01355e+06 10485760
2.02093e+06 15187500
2.02096e+06 10485760
2.02096e+06 60750000
2.02106e+06 10485760
2.02832e+06 15187500
2.02835e+06 10485760
2.03591e+06 15187500
2.03595e+06 10485760
2.04398e+06 15187500
2.04401e+06 10485760
2.05176e+06 15187500
2.05179e+06 10485760
2.05885e+06 15187500
2.05887e+06 10485760
2.06688e+06 15187500
2.06691e+06 10485760
2.07424e+06 15187500
2.07427e+06 10485760
2.08195e+06 15187500
2.08199e+06 10485760
2.08199e+06 60750000
2.08208e+06 10485760
2.08978e+06 15187500
2.08982e+06 10485760
2.09727e+06 15187500
2.09731e+06 10485760
2.10575e+06 15187500
2.10578e+06 10485760
2.11443e+06 15187500
2.11447e+06 10485760
2.12226e+06 15187500
2.1223e+06 10485760
2.13024e+06 15187500
2.13027e+06 10485760
2.13705e+06 15187500
2.13709e+06 10485760
2.14437e+06 15187500
2.14441e+06 10485760
2.14441e+06 60750000
2.1445e+06 10485760
2.15315e+06 15187500
2.15318e+06 10485760
2.1605e+06 15187500
2.16053e+06 10485760
2.16898e+06 15187500
2.16901e+06 10485760
2.1775e+06 15187500
2.17753e+06 10485760
2.18652e+06 15187500
2.18656e+06 10485760
2.19433e+06 15187500
2.19436e+06 10485760
2.2024e+06 15187500
2.20244e+06 10485760
2.2101e+06 15187500
2.21013e+06 10485760
2.21013e+06 60750000
2.21022e+06 10485760
2.21887e+06 15187500
2.2189e+06 10485760
2.22718e+06 15187500
2.22722e+06 10485760
2.23545e+06 15187500
2.23549e+06 10485760
2.2445e+06 15187500
2.24454e+06 10485760
2.25289e+06 15187500
2.25293e+06 10485760
2.26084e+06 15187500
2.26087e+06 10485760
2.26957e+06 15187500
2.26961e+06 10485760
2.2784e+06 15187500
2.27843e+06 10485760
2.27843e+06 60750000
2.27852e+06 10485760
2.28752e+06 15187500
2.28756e+06 10485760
2.29563e+06 15187500
2.29567e+06 10485760
2.30421e+06 15187500
2.30424e+06 10485760
2.31322e+06 15187500
2.31326e+06 10485760
2.32184e+06 15187500
2.32188e+06 10485760
2.33014e+06 15187500
2.33018e+06 10485760
2.33804e+06 15187500
2.33807e+06 10485760
2.34645e+06 15187500
2.34648e+06 10485760
2.34648e+06 60750000
2.34658e+06 10485760
2.35504e+06 15187500
2.35508e+06 10485760
2.36265e+06 15187500
2.36268e+06 10485760
2.37108e+06 15187500
2.37112e+06 10485760
2.37884e+06 15187500
2.37887e+06 10485760
2.38723e+06 15187500
2.38726e+06 10485760
2.39489e+06 15187500
2.39493e+06 10485760
2.40383e+06 15187500
2.40386e+06 10485760
2.41159e+06 15187500
2.41162e+06 10485760
2.41162e+06 60750000
2.41172e+06 10485760
2.41172e+06 243000000
2.41209e+06 10485760
2.41209e+06 972000000
2.41349e+06 10485760
