51782.4 108000000
52727.5 108000000
104992 108000000
106112 108000000
159094 108000000
160174 108000000
212713 108000000
213577 108000000
265964 108000000
266716 108000000
319199 108000000
320018 108000000
371743 108000000
372527 108000000
424536 108000000
425219 108000000
425631 432000000
428770 432000000
483870 108000000
484617 108000000
538602 108000000
539296 108000000
591466 108000000
592338 108000000
644870 108000000
645595 108000000
698812 108000000
699623 108000000
752996 108000000
753784 108000000
806681 108000000
807509 108000000
860088 108000000
860967 108000000
861667 432000000
864232 432000000
919342 108000000
920289 108000000
973259 108000000
974019 108000000
1.02713e+06 108000000
1.02808e+06 108000000
1.08053e+06 108000000
1.08147e+06 108000000
1.13382e+06 108000000
1.13466e+06 108000000
1.18761e+06 108000000
1.18831e+06 108000000
1.24184e+06 108000000
1.24286e+06 108000000
1.29513e+06 108000000
1.29611e+06 108000000
1.29688e+06 432000000
1.29967e+06 432000000
1.35355e+06 108000000
1.35444e+06 108000000
1.4078e+06 108000000
1.4087e+06 108000000
1.46159e+06 108000000
1.46261e+06 108000000
1.51516e+06 108000000
1.51621e+06 108000000
1.56966e+06 108000000
1.57042e+06 108000000
1.62389e+06 108000000
1.62466e+06 108000000
1.67744e+06 108000000
1.67824e+06 108000000
1.73117e+06 108000000
1.73196e+06 108000000
1.73269e+06 432000000
1.73518e+06 432000000
1.79037e+06 108000000
1.79117e+06 108000000
1.84347e+06 108000000
1.84434e+06 108000000
1.89789e+06 108000000
1.89868e+06 108000000
1.95038e+06 108000000
1.9513e+06 108000000
2.00456e+06 108000000
2.00554e+06 108000000
2.05905e+06 108000000
2.0599e+06 108000000
2.11894e+06 108000000
2.12e+06 108000000
2.17285e+06 108000000
2.17356e+06 108000000
2.17398e+06 432000000
2.17716e+06 432000000
2.23151e+06 108000000
2.23221e+06 108000000
2.28508e+06 108000000
2.2859e+06 108000000
2.33916e+06 108000000
2.33999e+06 108000000
2.39345e+06 108000000
2.39416e+06 108000000
2.44731e+06 108000000
2.44833e+06 108000000
2.50093e+06 108000000
2.50203e+06 108000000
2.55466e+06 108000000
2.55555e+06 108000000
2.60808e+06 108000000
2.60881e+06 108000000
2.60999e+06 432000000
2.61287e+06 432000000
2.66889e+06 108000000
2.66964e+06 108000000
2.72215e+06 108000000
2.72293e+06 108000000
2.77654e+06 108000000
2.77725e+06 108000000
2.83064e+06 108000000
2.83142e+06 108000000
2.88482e+06 108000000
2.88555e+06 108000000
2.938e+06 108000000
2.93876e+06 108000000
2.99164e+06 108000000
2.99236e+06 108000000
3.0448e+06 108000000
3.04553e+06 108000000
3.0462e+06 432000000
3.04945e+06 432000000
3.10367e+06 108000000
3.1044e+06 108000000
3.15666e+06 108000000
3.15744e+06 108000000
3.21053e+06 108000000
3.21125e+06 108000000
3.2652e+06 108000000
3.26634e+06 108000000
3.32042e+06 108000000
3.32121e+06 108000000
3.37412e+06 108000000
3.37521e+06 108000000
3.42803e+06 108000000
3.42871e+06 108000000
3.4811e+06 108000000
3.48176e+06 108000000
3.48255e+06 432000000
3.4853e+06 432000000
3.48751e+06 1728000000
3.49886e+06 1728000000
