15598.9 48000000
15942.3 48000000
31720.1 48000000
32393.8 48000000
47799.1 48000000
48311 48000000
64091.3 48000000
64568.6 48000000
80564.3 48000000
81108.5 48000000
97172.6 48000000
97580.8 48000000
113285 48000000
113832 48000000
129887 48000000
130320 48000000
130517 192000000
132139 192000000
148926 48000000
149824 48000000
165619 48000000
166259 48000000
182172 48000000
182914 48000000
198600 48000000
199396 48000000
215503 48000000
216048 48000000
231833 48000000
232456 48000000
248051 48000000
248582 48000000
264212 48000000
264704 48000000
265017 192000000
266307 192000000
282974 48000000
283482 48000000
299002 48000000
299706 48000000
315389 48000000
315938 48000000
331633 48000000
332115 48000000
347986 48000000
348331 48000000
364106 48000000
364969 48000000
380584 48000000
381190 48000000
396671 48000000
397171 48000000
397401 192000000
398677 192000000
415516 48000000
416135 48000000
431703 48000000
432336 48000000
448064 48000000
448893 48000000
464500 48000000
465053 48000000
480539 48000000
480940 48000000
496840 48000000
497248 48000000
512809 48000000
513393 48000000
528979 48000000
529504 48000000
529631 192000000
531182 192000000
547566 48000000
548289 48000000
564361 48000000
564788 48000000
580447 48000000
580951 48000000
596425 48000000
596985 48000000
612511 48000000
613156 48000000
629114 48000000
629736 48000000
645243 48000000
645822 48000000
661696 48000000
662251 48000000
662267 192000000
663464 192000000
680349 48000000
680797 48000000
696777 48000000
697415 48000000
713064 48000000
713575 48000000
729484 48000000
730099 48000000
746612 48000000
747082 48000000
762757 48000000
763419 48000000
779235 48000000
779956 48000000
795346 48000000
795854 48000000
795867 192000000
797228 192000000
814000 48000000
814581 48000000
830069 48000000
830490 48000000
846366 48000000
846902 48000000
862800 48000000
863250 48000000
878845 48000000
879492 48000000
895098 48000000
895732 48000000
911885 48000000
912467 48000000
928538 48000000
929346 48000000
929434 192000000
930746 192000000
947366 48000000
948095 48000000
964511 48000000
965032 48000000
981023 48000000
981655 48000000
997759 48000000
998398 48000000
1.01406e+06 48000000
1.01463e+06 48000000
1.03036e+06 48000000
1.03093e+06 48000000
1.04719e+06 48000000
1.04774e+06 48000000
1.06348e+06 48000000
1.06401e+06 48000000
1.06433e+06 192000000
1.06554e+06 192000000
1.06688e+06 768000000
1.07165e+06 768000000
1.09139e+06 48000000
1.09231e+06 48000000
1.10782e+06 48000000
1.10849e+06 48000000
1.12437e+06 48000000
1.12509e+06 48000000
1.14057e+06 48000000
1.14138e+06 48000000
1.15706e+06 48000000
1.15799e+06 48000000
1.17358e+06 48000000
1.17408e+06 48000000
1.19002e+06 48000000
1.19054e+06 48000000
1.20614e+06 48000000
1.20673e+06 48000000
1.20679e+06 192000000
1.20862e+06 192000000
1.22528e+06 48000000
1.22606e+06 48000000
1.24204e+06 48000000
1.24272e+06 48000000
1.25838e+06 48000000
1.2592e+06 48000000
1.27499e+06 48000000
1.27562e+06 48000000
1.29124e+06 48000000
1.29198e+06 48000000
1.30754e+06 48000000
1.30784e+06 48000000
1.32329e+06 48000000
1.32375e+06 48000000
1.33961e+06 48000000
1.33999e+06 48000000
1.34028e+06 192000000
1.34149e+06 192000000
1.35827e+06 48000000
1.35908e+06 48000000
1.37512e+06 48000000
1.3758e+06 48000000
1.39156e+06 48000000
1.39221e+06 48000000
1.40766e+06 48000000
1.40837e+06 48000000
1.42402e+06 48000000
1.42459e+06 48000000
1.44037e+06 48000000
1.44115e+06 48000000
1.45682e+06 48000000
1.45734e+06 48000000
1.47297e+06 48000000
1.47366e+06 48000000
1.47385e+06 192000000
1.47514e+06 192000000
1.49209e+06 48000000
1.49281e+06 48000000
1.50904e+06 48000000
1.5097e+06 48000000
1.52569e+06 48000000
1.52689e+06 48000000
1.54259e+06 48000000
1.54312e+06 48000000
1.55877e+06 48000000
1.55941e+06 48000000
1.57539e+06 48000000
1.57594e+06 48000000
1.59161e+06 48000000
1.59219e+06 48000000
1.60791e+06 48000000
1.60865e+06 48000000
1.60871e+06 192000000
1.61003e+06 192000000
1.62678e+06 48000000
1.62736e+06 48000000
1.64328e+06 48000000
1.64396e+06 48000000
1.65944e+06 48000000
1.66006e+06 48000000
1.67666e+06 48000000
1.67722e+06 48000000
1.69298e+06 48000000
1.69354e+06 48000000
1.70997e+06 48000000
1.71044e+06 48000000
1.72598e+06 48000000
1.72654e+06 48000000
1.7421e+06 48000000
1.74278e+06 48000000
1.74282e+06 192000000
1.74431e+06 192000000
1.76115e+06 48000000
1.76169e+06 48000000
1.77776e+06 48000000
1.77851e+06 48000000
1.79405e+06 48000000
1.79457e+06 48000000
1.81045e+06 48000000
1.81105e+06 48000000
1.82676e+06 48000000
1.82738e+06 48000000
1.84304e+06 48000000
1.84375e+06 48000000
1.85928e+06 48000000
1.86004e+06 48000000
1.87563e+06 48000000
1.87619e+06 48000000
1.87621e+06 192000000
1.87751e+06 192000000
1.89454e+06 48000000
1.89511e+06 48000000
1.91088e+06 48000000
1.9113e+06 48000000
1.92723e+06 48000000
1.92782e+06 48000000
1.9438e+06 48000000
1.94432e+06 48000000
1.95992e+06 48000000
1.9604e+06 48000000
1.97665e+06 48000000
1.97714e+06 48000000
1.99286e+06 48000000
1.99324e+06 48000000
2.00916e+06 48000000
2.00957e+06 48000000
2.00963e+06 192000000
2.01117e+06 192000000
2.02795e+06 48000000
2.02861e+06 48000000
2.04412e+06 48000000
2.04474e+06 48000000
2.0607e+06 48000000
2.0614e+06 48000000
2.07706e+06 48000000
2.07795e+06 48000000
2.09337e+06 48000000
2.094e+06 48000000
2.10999e+06 48000000
2.11062e+06 48000000
2.12669e+06 48000000
2.12724e+06 48000000
2.14293e+06 48000000
2.14368e+06 48000000
2.14373e+06 192000000
2.14515e+06 192000000
2.14639e+06 768000000
2.15181e+06 768000000
2.17187e+06 48000000
2.17241e+06 48000000
2.18822e+06 48000000
2.18893e+06 48000000
2.20481e+06 48000000
2.2056e+06 48000000
2.22171e+06 48000000
2.22229e+06 48000000
2.23805e+06 48000000
2.2386e+06 48000000
2.25444e+06 48000000
2.25493e+06 48000000
2.27067e+06 48000000
2.27134e+06 48000000
2.28724e+06 48000000
2.28783e+06 48000000
2.28784e+06 192000000
2.28958e+06 192000000
2.30625e+06 48000000
2.30695e+06 48000000
2.32266e+06 48000000
2.32337e+06 48000000
2.3394e+06 48000000
2.34027e+06 48000000
2.35605e+06 48000000
2.3567e+06 48000000
2.37278e+06 48000000
2.37329e+06 48000000
2.38951e+06 48000000
2.39005e+06 48000000
2.40595e+06 48000000
2.40654e+06 48000000
2.42262e+06 48000000
2.4231e+06 48000000
2.42324e+06 192000000
2.42473e+06 192000000
2.44172e+06 48000000
2.44263e+06 48000000
2.45864e+06 48000000
2.45916e+06 48000000
2.47522e+06 48000000
2.47583e+06 48000000
2.49151e+06 48000000
2.49208e+06 48000000
2.50782e+06 48000000
2.50836e+06 48000000
2.52405e+06 48000000
2.52453e+06 48000000
2.54008e+06 48000000
2.54073e+06 48000000
2.55659e+06 48000000
2.55725e+06 48000000
2.55726e+06 192000000
2.55885e+06 192000000
2.57569e+06 48000000
2.5764e+06 48000000
2.59215e+06 48000000
2.59289e+06 48000000
2.60841e+06 48000000
2.60924e+06 48000000
2.62514e+06 48000000
2.62589e+06 48000000
2.64189e+06 48000000
2.6425e+06 48000000
2.65807e+06 48000000
2.65858e+06 48000000
2.67469e+06 48000000
2.6752e+06 48000000
2.69121e+06 48000000
2.69182e+06 48000000
2.6919e+06 192000000
2.69334e+06 192000000
2.71001e+06 48000000
2.71063e+06 48000000
2.72645e+06 48000000
2.72704e+06 48000000
2.74321e+06 48000000
2.74394e+06 48000000
2.75998e+06 48000000
2.7604e+06 48000000
2.77608e+06 48000000
2.77672e+06 48000000
2.79238e+06 48000000
2.79286e+06 48000000
2.80871e+06 48000000
2.80914e+06 48000000
2.82497e+06 48000000
2.82561e+06 48000000
2.82567e+06 192000000
2.82722e+06 192000000
2.84432e+06 48000000
2.845e+06 48000000
2.86069e+06 48000000
2.86139e+06 48000000
2.87726e+06 48000000
2.87793e+06 48000000
2.89374e+06 48000000
2.89471e+06 48000000
2.91012e+06 48000000
2.91064e+06 48000000
2.92627e+06 48000000
2.92682e+06 48000000
2.94241e+06 48000000
2.94305e+06 48000000
2.95859e+06 48000000
2.95912e+06 48000000
2.95922e+06 192000000
2.96067e+06 192000000
2.97726e+06 48000000
2.97786e+06 48000000
2.9935e+06 48000000
2.99427e+06 48000000
3.01e+06 48000000
3.01051e+06 48000000
3.02623e+06 48000000
3.02681e+06 48000000
3.04242e+06 48000000
3.04304e+06 48000000
3.05917e+06 48000000
3.05973e+06 48000000
3.07566e+06 48000000
3.07632e+06 48000000
3.09193e+06 48000000
3.09249e+06 48000000
3.09255e+06 192000000
3.09398e+06 192000000
3.1106e+06 48000000
3.11117e+06 48000000
3.12685e+06 48000000
3.12747e+06 48000000
3.14366e+06 48000000
3.14435e+06 48000000
3.16004e+06 48000000
3.16062e+06 48000000
3.17647e+06 48000000
3.17725e+06 48000000
3.19304e+06 48000000
3.19369e+06 48000000
3.20959e+06 48000000
3.21027e+06 48000000
3.22637e+06 48000000
3.22694e+06 48000000
3.22702e+06 192000000
3.2284e+06 192000000
3.22964e+06 768000000
3.23463e+06 768000000
3.25472e+06 48000000
3.25531e+06 48000000
3.27141e+06 48000000
3.27201e+06 48000000
3.29055e+06 48000000
3.29125e+06 48000000
3.31136e+06 48000000
3.31199e+06 48000000
3.32821e+06 48000000
3.32869e+06 48000000
3.34451e+06 48000000
3.34503e+06 48000000
3.36097e+06 48000000
3.36156e+06 48000000
3.37721e+06 48000000
3.37768e+06 48000000
3.37774e+06 192000000
3.3793e+06 192000000
3.3963e+06 48000000
3.39736e+06 48000000
3.41287e+06 48000000
3.41353e+06 48000000
3.42937e+06 48000000
3.42985e+06 48000000
3.44556e+06 48000000
3.44627e+06 48000000
3.46202e+06 48000000
3.46254e+06 48000000
3.47846e+06 48000000
3.47906e+06 48000000
3.49497e+06 48000000
3.4955e+06 48000000
3.51118e+06 48000000
3.51179e+06 48000000
3.51191e+06 192000000
3.51333e+06 192000000
3.53077e+06 48000000
3.53156e+06 48000000
3.5472e+06 48000000
3.54782e+06 48000000
3.56381e+06 48000000
3.56475e+06 48000000
3.58019e+06 48000000
3.58085e+06 48000000
3.59667e+06 48000000
3.59724e+06 48000000
3.61309e+06 48000000
3.61372e+06 48000000
3.62962e+06 48000000
3.63019e+06 48000000
3.64585e+06 48000000
3.64651e+06 48000000
3.64659e+06 192000000
3.64796e+06 192000000
3.66503e+06 48000000
3.66575e+06 48000000
3.68145e+06 48000000
3.68232e+06 48000000
3.69816e+06 48000000
3.69861e+06 48000000
3.71448e+06 48000000
3.71504e+06 48000000
3.73115e+06 48000000
3.73167e+06 48000000
3.74733e+06 48000000
3.74802e+06 48000000
3.76354e+06 48000000
3.76426e+06 48000000
3.78045e+06 48000000
3.78112e+06 48000000
3.78113e+06 192000000
3.78292e+06 192000000
3.79966e+06 48000000
3.80038e+06 48000000
3.8162e+06 48000000
3.81669e+06 48000000
3.83221e+06 48000000
3.83287e+06 48000000
3.84891e+06 48000000
3.8496e+06 48000000
3.86533e+06 48000000
3.8658e+06 48000000
3.8815e+06 48000000
3.882e+06 48000000
3.89768e+06 48000000
3.89825e+06 48000000
3.9138e+06 48000000
3.91438e+06 48000000
3.91442e+06 192000000
3.91574e+06 192000000
3.93298e+06 48000000
3.93342e+06 48000000
3.94917e+06 48000000
3.94983e+06 48000000
3.96602e+06 48000000
3.96672e+06 48000000
3.98256e+06 48000000
3.98315e+06 48000000
3.9992e+06 48000000
3.99978e+06 48000000
4.016e+06 48000000
4.01635e+06 48000000
4.03233e+06 48000000
4.03294e+06 48000000
4.04879e+06 48000000
4.04946e+06 48000000
4.04947e+06 192000000
4.05062e+06 192000000
4.06774e+06 48000000
4.06825e+06 48000000
4.08422e+06 48000000
4.08474e+06 48000000
4.10031e+06 48000000
4.10092e+06 48000000
4.11646e+06 48000000
4.11698e+06 48000000
4.13272e+06 48000000
4.13363e+06 48000000
4.14943e+06 48000000
4.15e+06 48000000
4.16608e+06 48000000
4.16692e+06 48000000
4.18222e+06 48000000
4.18292e+06 48000000
4.18292e+06 192000000
4.18425e+06 192000000
4.20132e+06 48000000
4.20211e+06 48000000
4.21791e+06 48000000
4.21835e+06 48000000
4.2343e+06 48000000
4.23483e+06 48000000
4.25044e+06 48000000
4.25107e+06 48000000
4.26722e+06 48000000
4.26772e+06 48000000
4.28342e+06 48000000
4.28384e+06 48000000
4.30005e+06 48000000
4.30076e+06 48000000
4.3163e+06 48000000
4.31694e+06 48000000
4.31695e+06 192000000
4.31831e+06 192000000
4.31943e+06 768000000
4.32474e+06 768000000
4.34463e+06 48000000
4.34516e+06 48000000
4.36119e+06 48000000
4.36183e+06 48000000
4.37767e+06 48000000
4.37825e+06 48000000
4.3944e+06 48000000
4.39508e+06 48000000
4.41115e+06 48000000
4.41174e+06 48000000
4.42738e+06 48000000
4.42799e+06 48000000
4.44414e+06 48000000
4.44479e+06 48000000
4.46037e+06 48000000
4.46084e+06 48000000
4.46098e+06 192000000
4.46229e+06 192000000
4.47952e+06 48000000
4.48012e+06 48000000
4.49598e+06 48000000
4.49656e+06 48000000
4.51242e+06 48000000
4.51314e+06 48000000
4.52904e+06 48000000
4.52932e+06 48000000
4.54551e+06 48000000
4.54599e+06 48000000
4.56231e+06 48000000
4.56279e+06 48000000
4.57864e+06 48000000
4.57917e+06 48000000
4.59469e+06 48000000
4.59519e+06 48000000
4.59525e+06 192000000
4.59652e+06 192000000
4.61358e+06 48000000
4.61428e+06 48000000
4.63006e+06 48000000
4.63073e+06 48000000
4.64685e+06 48000000
4.64739e+06 48000000
4.66324e+06 48000000
4.66385e+06 48000000
4.67952e+06 48000000
4.6802e+06 48000000
4.69622e+06 48000000
4.69676e+06 48000000
4.71263e+06 48000000
4.71313e+06 48000000
4.72878e+06 48000000
4.72945e+06 48000000
4.72946e+06 192000000
4.73083e+06 192000000
4.74753e+06 48000000
4.74826e+06 48000000
4.76403e+06 48000000
4.76454e+06 48000000
4.78024e+06 48000000
4.78087e+06 48000000
4.79701e+06 48000000
4.79755e+06 48000000
4.81315e+06 48000000
4.81374e+06 48000000
4.82958e+06 48000000
4.83015e+06 48000000
4.84626e+06 48000000
4.84674e+06 48000000
4.86315e+06 48000000
4.86371e+06 48000000
4.86371e+06 192000000
4.86515e+06 192000000
4.88235e+06 48000000
4.88296e+06 48000000
4.89882e+06 48000000
4.89942e+06 48000000
4.91544e+06 48000000
4.91601e+06 48000000
4.93179e+06 48000000
4.9324e+06 48000000
4.94869e+06 48000000
4.94932e+06 48000000
4.9651e+06 48000000
4.96571e+06 48000000
4.98169e+06 48000000
4.98216e+06 48000000
4.9979e+06 48000000
4.99843e+06 48000000
4.99844e+06 192000000
5.00017e+06 192000000
5.01733e+06 48000000
5.01803e+06 48000000
5.03403e+06 48000000
5.03499e+06 48000000
5.05045e+06 48000000
5.05099e+06 48000000
5.06708e+06 48000000
5.06758e+06 48000000
5.08351e+06 48000000
5.08407e+06 48000000
5.1e+06 48000000
5.1005e+06 48000000
5.11622e+06 48000000
5.11671e+06 48000000
5.13297e+06 48000000
5.13354e+06 48000000
5.13364e+06 192000000
5.13485e+06 192000000
5.1517e+06 48000000
5.15202e+06 48000000
5.16818e+06 48000000
5.16884e+06 48000000
5.18448e+06 48000000
5.18501e+06 48000000
5.20085e+06 48000000
5.2013e+06 48000000
5.21731e+06 48000000
5.21794e+06 48000000
5.23412e+06 48000000
5.23458e+06 48000000
5.25091e+06 48000000
5.2516e+06 48000000
5.26768e+06 48000000
5.26827e+06 48000000
5.26829e+06 192000000
5.26979e+06 192000000
5.28675e+06 48000000
5.2874e+06 48000000
5.30368e+06 48000000
5.30412e+06 48000000
5.3201e+06 48000000
5.32063e+06 48000000
5.33668e+06 48000000
5.33717e+06 48000000
5.35323e+06 48000000
5.3537e+06 48000000
5.36961e+06 48000000
5.37016e+06 48000000
5.38621e+06 48000000
5.38678e+06 48000000
5.40256e+06 48000000
5.40308e+06 48000000
5.40309e+06 192000000
5.4043e+06 192000000
5.40576e+06 768000000
5.41063e+06 768000000
5.43064e+06 48000000
5.43137e+06 48000000
5.44688e+06 48000000
5.44735e+06 48000000
5.46324e+06 48000000
5.46381e+06 48000000
5.4796e+06 48000000
5.48028e+06 48000000
5.49605e+06 48000000
5.49663e+06 48000000
5.51289e+06 48000000
5.51351e+06 48000000
5.52957e+06 48000000
5.53001e+06 48000000
5.54583e+06 48000000
5.54632e+06 48000000
5.54633e+06 192000000
5.5476e+06 192000000
5.56444e+06 48000000
5.56544e+06 48000000
5.58163e+06 48000000
5.58219e+06 48000000
5.598e+06 48000000
5.59856e+06 48000000
5.6144e+06 48000000
5.615e+06 48000000
5.63107e+06 48000000
5.63163e+06 48000000
5.64748e+06 48000000
5.64778e+06 48000000
5.66358e+06 48000000
5.66414e+06 48000000
5.68054e+06 48000000
5.68109e+06 48000000
5.6811e+06 192000000
5.68256e+06 192000000
5.6996e+06 48000000
5.70023e+06 48000000
5.71607e+06 48000000
5.71659e+06 48000000
5.73258e+06 48000000
5.73313e+06 48000000
5.74942e+06 48000000
5.74994e+06 48000000
5.76592e+06 48000000
5.76657e+06 48000000
5.78226e+06 48000000
5.78281e+06 48000000
5.79858e+06 48000000
5.79931e+06 48000000
5.81528e+06 48000000
5.81598e+06 48000000
5.81599e+06 192000000
5.8172e+06 192000000
5.83465e+06 48000000
5.83526e+06 48000000
5.85141e+06 48000000
5.85194e+06 48000000
5.86779e+06 48000000
5.86855e+06 48000000
5.88454e+06 48000000
5.88501e+06 48000000
5.90101e+06 48000000
5.90154e+06 48000000
5.91758e+06 48000000
5.91822e+06 48000000
5.93423e+06 48000000
5.93477e+06 48000000
5.95069e+06 48000000
5.95136e+06 48000000
5.95138e+06 192000000
5.95254e+06 192000000
5.96976e+06 48000000
5.97041e+06 48000000
5.98632e+06 48000000
5.98685e+06 48000000
6.00277e+06 48000000
6.00341e+06 48000000
6.0193e+06 48000000
6.01975e+06 48000000
6.03606e+06 48000000
6.03662e+06 48000000
6.05262e+06 48000000
6.05312e+06 48000000
6.0688e+06 48000000
6.06933e+06 48000000
6.0851e+06 48000000
6.08586e+06 48000000
6.08589e+06 192000000
6.08755e+06 192000000
6.10435e+06 48000000
6.10489e+06 48000000
6.1206e+06 48000000
6.12115e+06 48000000
6.13686e+06 48000000
6.13741e+06 48000000
6.15334e+06 48000000
6.1539e+06 48000000
6.16961e+06 48000000
6.17019e+06 48000000
6.18609e+06 48000000
6.18665e+06 48000000
6.20258e+06 48000000
6.20313e+06 48000000
6.2185e+06 48000000
6.21914e+06 48000000
6.21916e+06 192000000
6.22067e+06 192000000
6.23726e+06 48000000
6.23782e+06 48000000
6.25426e+06 48000000
6.25479e+06 48000000
6.27074e+06 48000000
6.27122e+06 48000000
6.28732e+06 48000000
6.28786e+06 48000000
6.30369e+06 48000000
6.30419e+06 48000000
6.32027e+06 48000000
6.32083e+06 48000000
6.33682e+06 48000000
6.33771e+06 48000000
6.35382e+06 48000000
6.35432e+06 48000000
6.35433e+06 192000000
6.35599e+06 192000000
6.37312e+06 48000000
6.37384e+06 48000000
6.38994e+06 48000000
6.39052e+06 48000000
6.40673e+06 48000000
6.40728e+06 48000000
6.42326e+06 48000000
6.4236e+06 48000000
6.43963e+06 48000000
6.44016e+06 48000000
6.45616e+06 48000000
6.45663e+06 48000000
6.47302e+06 48000000
6.47354e+06 48000000
6.48956e+06 48000000
6.49033e+06 48000000
6.49044e+06 192000000
6.49179e+06 192000000
6.49336e+06 768000000
6.49816e+06 768000000
6.51812e+06 48000000
6.51878e+06 48000000
6.53455e+06 48000000
6.535e+06 48000000
6.55064e+06 48000000
6.55119e+06 48000000
6.56692e+06 48000000
6.56742e+06 48000000
6.58313e+06 48000000
6.58377e+06 48000000
6.59954e+06 48000000
6.60005e+06 48000000
6.61614e+06 48000000
6.61675e+06 48000000
6.63295e+06 48000000
6.63351e+06 48000000
6.63353e+06 192000000
6.63472e+06 192000000
6.65176e+06 48000000
6.65238e+06 48000000
6.66817e+06 48000000
6.66873e+06 48000000
6.68443e+06 48000000
6.68488e+06 48000000
6.7007e+06 48000000
6.70119e+06 48000000
6.71711e+06 48000000
6.71778e+06 48000000
6.73348e+06 48000000
6.73403e+06 48000000
6.74999e+06 48000000
6.75054e+06 48000000
6.76626e+06 48000000
6.76685e+06 48000000
6.76686e+06 192000000
6.7681e+06 192000000
6.7854e+06 48000000
6.78601e+06 48000000
6.80197e+06 48000000
6.80251e+06 48000000
6.81873e+06 48000000
6.81936e+06 48000000
6.83546e+06 48000000
6.83597e+06 48000000
6.8518e+06 48000000
6.85238e+06 48000000
6.86885e+06 48000000
6.86937e+06 48000000
6.88561e+06 48000000
6.88614e+06 48000000
6.90196e+06 48000000
6.90237e+06 48000000
6.9024e+06 192000000
6.90381e+06 192000000
6.92103e+06 48000000
6.9215e+06 48000000
6.93752e+06 48000000
6.93813e+06 48000000
6.95395e+06 48000000
6.95462e+06 48000000
6.97117e+06 48000000
6.97177e+06 48000000
6.98773e+06 48000000
6.98828e+06 48000000
7.00432e+06 48000000
7.00487e+06 48000000
7.02087e+06 48000000
7.02133e+06 48000000
7.03745e+06 48000000
7.03798e+06 48000000
7.03799e+06 192000000
7.03966e+06 192000000
7.05632e+06 48000000
7.05687e+06 48000000
7.07269e+06 48000000
7.0732e+06 48000000
7.08973e+06 48000000
7.09042e+06 48000000
7.10608e+06 48000000
7.10664e+06 48000000
7.12252e+06 48000000
7.12317e+06 48000000
7.1389e+06 48000000
7.13953e+06 48000000
7.15581e+06 48000000
7.1564e+06 48000000
7.17242e+06 48000000
7.173e+06 48000000
7.17301e+06 192000000
7.17429e+06 192000000
7.19183e+06 48000000
7.19229e+06 48000000
7.20799e+06 48000000
7.20853e+06 48000000
7.22461e+06 48000000
7.22517e+06 48000000
7.24152e+06 48000000
7.242e+06 48000000
7.25801e+06 48000000
7.25851e+06 48000000
7.27484e+06 48000000
7.27537e+06 48000000
7.29112e+06 48000000
7.29172e+06 48000000
7.30782e+06 48000000
7.30845e+06 48000000
7.30846e+06 192000000
7.30974e+06 192000000
7.32723e+06 48000000
7.32789e+06 48000000
7.34377e+06 48000000
7.34437e+06 48000000
7.36024e+06 48000000
7.36091e+06 48000000
7.37679e+06 48000000
7.37724e+06 48000000
7.39359e+06 48000000
7.3943e+06 48000000
7.41055e+06 48000000
7.41111e+06 48000000
7.42711e+06 48000000
7.42768e+06 48000000
7.44345e+06 48000000
7.44417e+06 48000000
7.44417e+06 192000000
7.44562e+06 192000000
7.46248e+06 48000000
7.46307e+06 48000000
7.47879e+06 48000000
7.47929e+06 48000000
7.49564e+06 48000000
7.49627e+06 48000000
7.51209e+06 48000000
7.51247e+06 48000000
7.52832e+06 48000000
7.52882e+06 48000000
7.54482e+06 48000000
7.54543e+06 48000000
7.56149e+06 48000000
7.56218e+06 48000000
7.57781e+06 48000000
7.57847e+06 48000000
7.57848e+06 192000000
7.58024e+06 192000000
7.58132e+06 768000000
7.58634e+06 768000000
7.60653e+06 48000000
7.60721e+06 48000000
7.62317e+06 48000000
7.62374e+06 48000000
7.63975e+06 48000000
7.64026e+06 48000000
7.65627e+06 48000000
7.65679e+06 48000000
7.67269e+06 48000000
7.67326e+06 48000000
7.68958e+06 48000000
7.69013e+06 48000000
7.70596e+06 48000000
7.70662e+06 48000000
7.72237e+06 48000000
7.72295e+06 48000000
7.723e+06 192000000
7.72458e+06 192000000
7.74177e+06 48000000
7.74278e+06 48000000
7.75855e+06 48000000
7.75909e+06 48000000
7.77538e+06 48000000
7.77591e+06 48000000
7.79187e+06 48000000
7.79247e+06 48000000
7.80843e+06 48000000
7.80898e+06 48000000
7.82559e+06 48000000
7.82614e+06 48000000
7.8421e+06 48000000
7.84284e+06 48000000
7.85896e+06 48000000
7.85959e+06 48000000
7.8596e+06 192000000
7.86102e+06 192000000
7.87827e+06 48000000
7.87882e+06 48000000
7.8951e+06 48000000
7.89561e+06 48000000
7.91156e+06 48000000
7.91216e+06 48000000
7.92837e+06 48000000
7.92907e+06 48000000
7.94523e+06 48000000
7.94569e+06 48000000
7.96171e+06 48000000
7.96236e+06 48000000
7.97833e+06 48000000
7.9791e+06 48000000
7.99531e+06 48000000
7.99587e+06 48000000
7.99609e+06 192000000
7.99725e+06 192000000
8.01411e+06 48000000
8.01481e+06 48000000
8.03089e+06 48000000
8.03144e+06 48000000
8.04807e+06 48000000
8.04866e+06 48000000
8.06482e+06 48000000
8.06535e+06 48000000
8.08179e+06 48000000
8.08229e+06 48000000
8.09821e+06 48000000
8.0988e+06 48000000
8.11462e+06 48000000
8.11521e+06 48000000
8.13195e+06 48000000
8.13252e+06 48000000
8.13253e+06 192000000
8.13416e+06 192000000
8.15105e+06 48000000
8.15169e+06 48000000
8.16751e+06 48000000
8.16813e+06 48000000
8.18407e+06 48000000
8.18463e+06 48000000
8.20064e+06 48000000
8.20129e+06 48000000
8.2173e+06 48000000
8.21819e+06 48000000
8.23408e+06 48000000
8.2347e+06 48000000
8.25076e+06 48000000
8.25126e+06 48000000
8.26728e+06 48000000
8.26788e+06 48000000
8.26789e+06 192000000
8.2694e+06 192000000
8.28613e+06 48000000
8.28678e+06 48000000
8.30333e+06 48000000
8.3039e+06 48000000
8.32e+06 48000000
8.32052e+06 48000000
8.3367e+06 48000000
8.33733e+06 48000000
8.35322e+06 48000000
8.35371e+06 48000000
8.36949e+06 48000000
8.36997e+06 48000000
8.3859e+06 48000000
8.38657e+06 48000000
8.40252e+06 48000000
8.40301e+06 48000000
8.40302e+06 192000000
8.40439e+06 192000000
8.42148e+06 48000000
8.42196e+06 48000000
8.43786e+06 48000000
8.43822e+06 48000000
8.45442e+06 48000000
8.45508e+06 48000000
8.47077e+06 48000000
8.47127e+06 48000000
8.48709e+06 48000000
8.48759e+06 48000000
8.50393e+06 48000000
8.50453e+06 48000000
8.52033e+06 48000000
8.52092e+06 48000000
8.53653e+06 48000000
8.53716e+06 48000000
8.53718e+06 192000000
8.53875e+06 192000000
8.55591e+06 48000000
8.5565e+06 48000000
8.5729e+06 48000000
8.57354e+06 48000000
8.58935e+06 48000000
8.58993e+06 48000000
8.60559e+06 48000000
8.60603e+06 48000000
8.62254e+06 48000000
8.62329e+06 48000000
8.63925e+06 48000000
8.63977e+06 48000000
8.65616e+06 48000000
8.65676e+06 48000000
8.67268e+06 48000000
8.67341e+06 48000000
8.67343e+06 192000000
8.67475e+06 192000000
8.676e+06 768000000
8.68137e+06 768000000
8.6856e+06 3072000000
8.70496e+06 3072000000
