2078 12582912
2107 10485760
4236 12582912
4267 10485760
6453 12582912
6481 10485760
8632 12582912
8659 10485760
10888 12582912
10920 10485760
13109 12582912
13141 10485760
15361 12582912
15391 10485760
17732 12582912
17763 10485760
17763 50331648
17840 10485760
20047 12582912
20077 10485760
22305 12582912
22336 10485760
24710 12582912
24732 10485760
26979 12582912
27009 10485760
29279 12582912
29309 10485760
31573 12582912
31603 10485760
33880 12582912
33910 10485760
36273 12582912
36305 10485760
36305 50331648
36382 10485760
38693 12582912
38725 10485760
41049 12582912
41078 10485760
43215 12582912
43246 10485760
45605 12582912
45637 10485760
48118 12582912
48147 10485760
50455 12582912
50487 10485760
52800 12582912
52828 10485760
55304 12582912
55334 10485760
55334 50331648
55416 10485760
57700 12582912
57731 10485760
59982 12582912
60016 10485760
62386 12582912
62417 10485760
64806 12582912
64836 10485760
67374 12582912
67397 10485760
69741 12582912
69770 10485760
72385 12582912
72414 10485760
74924 12582912
74953 10485760
74954 50331648
75028 10485760
77587 12582912
77616 10485760
80078 12582912
80110 10485760
82571 12582912
82597 10485760
85118 12582912
85148 10485760
87501 12582912
87533 10485760
90059 12582912
90089 10485760
92618 12582912
92649 10485760
95146 12582912
95181 10485760
95182 50331648
95265 10485760
97939 12582912
97969 10485760
100252 12582912
100283 10485760
102637 12582912
102667 10485760
105080 12582912
105109 10485760
107572 12582912
107603 10485760
110034 12582912
110070 10485760
112497 12582912
112533 10485760
115001 12582912
115033 10485760
115034 50331648
115111 10485760
117512 12582912
117542 10485760
120018 12582912
120049 10485760
122495 12582912
122527 10485760
125015 12582912
125045 10485760
127619 12582912
127650 10485760
130083 12582912
130111 10485760
132682 12582912
132711 10485760
135262 12582912
135294 10485760
135295 50331648
135377 10485760
137975 12582912
138004 10485760
140525 12582912
140557 10485760
143003 12582912
143035 10485760
145550 12582912
145577 10485760
148117 12582912
148149 10485760
150568 12582912
150595 10485760
153030 12582912
153055 10485760
155492 12582912
155524 10485760
155524 50331648
155601 10485760
155601 201326592
155904 10485760
158437 12582912
158469 10485760
161054 12582912
161082 10485760
163616 12582912
163645 10485760
166279 12582912
166310 10485760
168774 12582912
168802 10485760
171204 12582912
171235 10485760
173740 12582912
173770 10485760
176264 12582912
176293 10485760
176293 50331648
176373 10485760
178934 12582912
178966 10485760
181511 12582912
181542 10485760
184160 12582912
184191 10485760
186683 12582912
186718 10485760
189278 12582912
189309 10485760
191839 12582912
191867 10485760
194309 12582912
194339 10485760
196848 12582912
196882 10485760
196882 50331648
196960 10485760
199373 12582912
199405 10485760
201932 12582912
201961 10485760
204513 12582912
204544 10485760
207131 12582912
207161 10485760
209584 12582912
209618 10485760
212077 12582912
212107 10485760
214644 12582912
214673 10485760
217115 12582912
217144 10485760
217145 50331648
217223 10485760
219555 12582912
219588 10485760
222095 12582912
222127 10485760
224461 12582912
224492 10485760
226995 12582912
227024 10485760
229504 12582912
229533 10485760
232194 12582912
232225 10485760
234672 12582912
234700 10485760
237126 12582912
237155 10485760
237155 50331648
237230 10485760
239762 12582912
239796 10485760
242369 12582912
242404 10485760
244979 12582912
245011 10485760
247528 12582912
247562 10485760
250167 12582912
250199 10485760
252753 12582912
252777 10485760
255326 12582912
255359 10485760
257936 12582912
257969 10485760
257970 50331648
258047 10485760
260635 12582912
260660 10485760
263199 12582912
263233 10485760
265691 12582912
265727 10485760
268294 12582912
268326 10485760
270797 12582912
270830 10485760
273398 12582912
273429 10485760
275840 12582912
275865 10485760
278356 12582912
278382 10485760
278383 50331648
278461 10485760
281229 12582912
281261 10485760
283728 12582912
283758 10485760
286131 12582912
286158 10485760
288625 12582912
288658 10485760
291193 12582912
291224 10485760
293722 12582912
293752 10485760
296258 12582912
296290 10485760
298878 12582912
298911 10485760
298912 50331648
298986 10485760
301681 12582912
301712 10485760
304278 12582912
304309 10485760
306699 12582912
306732 10485760
309408 12582912
309438 10485760
312051 12582912
312082 10485760
314721 12582912
314753 10485760
317251 12582912
317277 10485760
319793 12582912
319823 10485760
319824 50331648
319907 10485760
319908 201326592
320214 10485760
322905 12582912
322936 10485760
325506 12582912
325538 10485760
328322 12582912
328356 10485760
330978 12582912
331011 10485760
333540 12582912
333572 10485760
336120 12582912
336145 10485760
338772 12582912
338804 10485760
341374 12582912
341404 10485760
341405 50331648
341479 10485760
344143 12582912
344167 10485760
346758 12582912
346789 10485760
349422 12582912
349452 10485760
351977 12582912
352009 10485760
354602 12582912
354634 10485760
357272 12582912
357304 10485760
359974 12582912
360004 10485760
362517 12582912
362542 10485760
362542 50331648
362621 10485760
365264 12582912
365297 10485760
367917 12582912
367949 10485760
370469 12582912
370503 10485760
373197 12582912
373232 10485760
375856 12582912
375883 10485760
378648 12582912
378680 10485760
381342 12582912
381374 10485760
384026 12582912
384062 10485760
384063 50331648
384135 10485760
386705 12582912
386739 10485760
389310 12582912
389342 10485760
391975 12582912
392004 10485760
394599 12582912
394634 10485760
397415 12582912
397450 10485760
400002 12582912
400033 10485760
402587 12582912
402613 10485760
405301 12582912
405332 10485760
405332 50331648
405395 10485760
408141 12582912
408174 10485760
410755 12582912
410787 10485760
413421 12582912
413457 10485760
416235 12582912
416262 10485760
418978 12582912
419013 10485760
421655 12582912
421686 10485760
424407 12582912
424441 10485760
427252 12582912
427278 10485760
427279 50331648
427357 10485760
430035 12582912
430076 10485760
432802 12582912
432836 10485760
435418 12582912
435452 10485760
438096 12582912
438128 10485760
441012 12582912
441044 10485760
443772 12582912
443801 10485760
446519 12582912
446552 10485760
449216 12582912
449247 10485760
449248 50331648
449321 10485760
452152 12582912
452183 10485760
454913 12582912
454945 10485760
457641 12582912
457675 10485760
460297 12582912
460327 10485760
463044 12582912
463068 10485760
465697 12582912
465728 10485760
468478 12582912
468508 10485760
471123 12582912
471154 10485760
471154 50331648
471229 10485760
473906 12582912
473942 10485760
476468 12582912
476500 10485760
479046 12582912
479077 10485760
481627 12582912
481662 10485760
484369 12582912
484402 10485760
487125 12582912
487161 10485760
489764 12582912
489797 10485760
492554 12582912
492588 10485760
492588 50331648
492658 10485760
492658 201326592
492948 10485760
495630 12582912
495660 10485760
498279 12582912
498311 10485760
500949 12582912
500980 10485760
503788 12582912
503818 10485760
506474 12582912
506504 10485760
509163 12582912
509199 10485760
511807 12582912
511841 10485760
514478 12582912
514514 10485760
514515 50331648
514591 10485760
517251 12582912
517286 10485760
519878 12582912
519908 10485760
522614 12582912
522647 10485760
525299 12582912
525330 10485760
527954 12582912
527987 10485760
530754 12582912
530786 10485760
533377 12582912
533410 10485760
536040 12582912
536074 10485760
536075 50331648
536147 10485760
538754 12582912
538787 10485760
541479 12582912
541517 10485760
544258 12582912
544289 10485760
547063 12582912
547089 10485760
549704 12582912
549735 10485760
552374 12582912
552402 10485760
555361 12582912
555393 10485760
558172 12582912
558206 10485760
558207 50331648
558283 10485760
561394 12582912
561428 10485760
564146 12582912
564180 10485760
566748 12582912
566780 10485760
569498 12582912
569531 10485760
572353 12582912
572387 10485760
575246 12582912
575279 10485760
577969 12582912
578003 10485760
580733 12582912
580765 10485760
580766 50331648
580845 10485760
583646 12582912
583678 10485760
586486 12582912
586519 10485760
589494 12582912
589525 10485760
592424 12582912
592449 10485760
595325 12582912
595358 10485760
598120 12582912
598149 10485760
600910 12582912
600943 10485760
603627 12582912
603662 10485760
603663 50331648
603736 10485760
606523 12582912
606552 10485760
609372 12582912
609406 10485760
612047 12582912
612078 10485760
614791 12582912
614818 10485760
617926 12582912
617959 10485760
620753 12582912
620787 10485760
623465 12582912
623497 10485760
626213 12582912
626248 10485760
626249 50331648
626322 10485760
629150 12582912
629182 10485760
631910 12582912
631943 10485760
634710 12582912
634743 10485760
637435 12582912
637471 10485760
640171 12582912
640203 10485760
642900 12582912
642932 10485760
645835 12582912
645868 10485760
648526 12582912
648560 10485760
648560 50331648
648634 10485760
651397 12582912
651432 10485760
654295 12582912
654329 10485760
657046 12582912
657082 10485760
659959 12582912
659993 10485760
662968 12582912
663001 10485760
665811 12582912
665842 10485760
668795 12582912
668815 10485760
671656 12582912
671685 10485760
671686 50331648
671765 10485760
671765 201326592
672063 10485760
674968 12582912
675003 10485760
677966 12582912
677998 10485760
680666 12582912
680700 10485760
683456 12582912
683488 10485760
686444 12582912
686476 10485760
689642 12582912
689676 10485760
693005 12582912
693034 10485760
696013 12582912
696046 10485760
696047 50331648
696124 10485760
699280 12582912
699314 10485760
702666 12582912
702701 10485760
705827 12582912
705861 10485760
709016 12582912
709049 10485760
712226 12582912
712258 10485760
715284 12582912
715317 10485760
718534 12582912
718568 10485760
721854 12582912
721885 10485760
721886 50331648
721956 10485760
724837 12582912
724869 10485760
728056 12582912
728088 10485760
730875 12582912
730905 10485760
733939 12582912
733963 10485760
736944 12582912
736976 10485760
739887 12582912
739920 10485760
742924 12582912
742958 10485760
745942 12582912
745976 10485760
745977 50331648
746056 10485760
749155 12582912
749186 10485760
752145 12582912
752178 10485760
755509 12582912
755542 10485760
759561 12582912
759594 10485760
763834 12582912
763866 10485760
767779 12582912
767810 10485760
771769 12582912
771802 10485760
774871 12582912
774902 10485760
774903 50331648
774976 10485760
779007 12582912
779037 10485760
782663 12582912
782696 10485760
786504 12582912
786536 10485760
790760 12582912
790795 10485760
794841 12582912
794873 10485760
798635 12582912
798666 10485760
802391 12582912
802419 10485760
805863 12582912
805895 10485760
805895 50331648
805966 10485760
809437 12582912
809469 10485760
813163 12582912
813193 10485760
816785 12582912
816816 10485760
820625 12582912
820658 10485760
824505 12582912
824538 10485760
829304 12582912
829334 10485760
832512 12582912
832545 10485760
835663 12582912
835694 10485760
835695 50331648
835772 10485760
839280 12582912
839313 10485760
843362 12582912
843395 10485760
847990 12582912
848024 10485760
852309 12582912
852341 10485760
857270 12582912
857304 10485760
861894 12582912
861926 10485760
866869 12582912
866901 10485760
871343 12582912
871376 10485760
871377 50331648
871445 10485760
876308 12582912
876343 10485760
880804 12582912
880837 10485760
885483 12582912
885515 10485760
889606 12582912
889632 10485760
894321 12582912
894354 10485760
898374 12582912
898404 10485760
902521 12582912
902553 10485760
907455 12582912
907488 10485760
907489 50331648
907567 10485760
907567 201326592
907868 10485760
913297 12582912
913322 10485760
918698 12582912
918729 10485760
923790 12582912
923821 10485760
928914 12582912
928945 10485760
933907 12582912
933938 10485760
938929 12582912
938952 10485760
943546 12582912
943579 10485760
948478 12582912
948511 10485760
948511 50331648
948591 10485760
953488 12582912
953517 10485760
958998 12582912
959032 10485760
964010 12582912
964046 10485760
968328 12582912
968359 10485760
972625 12582912
972658 10485760
977528 12582912
977557 10485760
982648 12582912
982681 10485760
987735 12582912
987767 10485760
987767 50331648
987845 10485760
993024 12582912
993056 10485760
997798 12582912
997825 10485760
1.00264e+06 12582912
1.00268e+06 10485760
1.00758e+06 12582912
1.00761e+06 10485760
1.01162e+06 12582912
1.01165e+06 10485760
1.01534e+06 12582912
1.01537e+06 10485760
1.01933e+06 12582912
1.01936e+06 10485760
1.02279e+06 12582912
1.02282e+06 10485760
1.02282e+06 50331648
1.02289e+06 10485760
1.02623e+06 12582912
1.02626e+06 10485760
1.02978e+06 12582912
1.02981e+06 10485760
1.03333e+06 12582912
1.03335e+06 10485760
1.03685e+06 12582912
1.03688e+06 10485760
1.0403e+06 12582912
1.04033e+06 10485760
1.04423e+06 12582912
1.04426e+06 10485760
1.04825e+06 12582912
1.04828e+06 10485760
1.0519e+06 12582912
1.05194e+06 10485760
1.05194e+06 50331648
1.05202e+06 10485760
1.05565e+06 12582912
1.05568e+06 10485760
1.0593e+06 12582912
1.05933e+06 10485760
1.06331e+06 12582912
1.06334e+06 10485760
1.06797e+06 12582912
1.068e+06 10485760
1.07269e+06 12582912
1.07272e+06 10485760
1.07696e+06 12582912
1.077e+06 10485760
1.08132e+06 12582912
1.08135e+06 10485760
1.08541e+06 12582912
1.08544e+06 10485760
1.08544e+06 50331648
1.08552e+06 10485760
1.08986e+06 12582912
1.0899e+06 10485760
1.09432e+06 12582912
1.09435e+06 10485760
1.0987e+06 12582912
1.09873e+06 10485760
1.10322e+06 12582912
1.10325e+06 10485760
1.10775e+06 12582912
1.10778e+06 10485760
1.11216e+06 12582912
1.11219e+06 10485760
1.11643e+06 12582912
1.11645e+06 10485760
1.12069e+06 12582912
1.12072e+06 10485760
1.12073e+06 50331648
1.1208e+06 10485760
1.12569e+06 12582912
1.12573e+06 10485760
1.13059e+06 12582912
1.13062e+06 10485760
1.13557e+06 12582912
1.1356e+06 10485760
1.14041e+06 12582912
1.14045e+06 10485760
1.14492e+06 12582912
1.14495e+06 10485760
1.14908e+06 12582912
1.14911e+06 10485760
1.1533e+06 12582912
1.15334e+06 10485760
1.15741e+06 12582912
1.15744e+06 10485760
1.15744e+06 50331648
1.15752e+06 10485760
1.16165e+06 12582912
1.16168e+06 10485760
1.16627e+06 12582912
1.1663e+06 10485760
1.17119e+06 12582912
1.17122e+06 10485760
1.17606e+06 12582912
1.1761e+06 10485760
1.18129e+06 12582912
1.18132e+06 10485760
1.18625e+06 12582912
1.18629e+06 10485760
1.19072e+06 12582912
1.19074e+06 10485760
1.19607e+06 12582912
1.19611e+06 10485760
1.19611e+06 50331648
1.19619e+06 10485760
1.19619e+06 201326592
1.19648e+06 10485760
1.20193e+06 12582912
1.20196e+06 10485760
1.20743e+06 12582912
1.20746e+06 10485760
1.21257e+06 12582912
1.2126e+06 10485760
1.21779e+06 12582912
1.21783e+06 10485760
1.22322e+06 12582912
1.22325e+06 10485760
1.22836e+06 12582912
1.2284e+06 10485760
1.23312e+06 12582912
1.23316e+06 10485760
1.23801e+06 12582912
1.23804e+06 10485760
1.23804e+06 50331648
1.23811e+06 10485760
1.24371e+06 12582912
1.24374e+06 10485760
1.24883e+06 12582912
1.24886e+06 10485760
1.2534e+06 12582912
1.25343e+06 10485760
1.2577e+06 12582912
1.25774e+06 10485760
1.26244e+06 12582912
1.26247e+06 10485760
1.26723e+06 12582912
1.26727e+06 10485760
1.27172e+06 12582912
1.27175e+06 10485760
1.27625e+06 12582912
1.27628e+06 10485760
1.27628e+06 50331648
1.27636e+06 10485760
1.28105e+06 12582912
1.28108e+06 10485760
1.28568e+06 12582912
1.28571e+06 10485760
1.29055e+06 12582912
1.29059e+06 10485760
1.29543e+06 12582912
1.29546e+06 10485760
1.30021e+06 12582912
1.30024e+06 10485760
1.30497e+06 12582912
1.305e+06 10485760
1.30958e+06 12582912
1.30961e+06 10485760
1.31444e+06 12582912
1.31447e+06 10485760
1.31447e+06 50331648
1.31455e+06 10485760
1.31932e+06 12582912
1.31936e+06 10485760
1.32449e+06 12582912
1.32452e+06 10485760
1.32928e+06 12582912
1.32931e+06 10485760
1.3333e+06 12582912
1.33333e+06 10485760
1.33775e+06 12582912
1.33778e+06 10485760
1.34202e+06 12582912
1.34205e+06 10485760
1.34632e+06 12582912
1.34636e+06 10485760
1.35103e+06 12582912
1.35107e+06 10485760
1.35107e+06 50331648
1.35115e+06 10485760
1.35545e+06 12582912
1.35548e+06 10485760
1.35989e+06 12582912
1.35992e+06 10485760
1.36422e+06 12582912
1.36426e+06 10485760
1.3688e+06 12582912
1.36884e+06 10485760
1.37293e+06 12582912
1.37297e+06 10485760
1.37696e+06 12582912
1.377e+06 10485760
1.38073e+06 12582912
1.38076e+06 10485760
1.3853e+06 12582912
1.38533e+06 10485760
1.38533e+06 50331648
1.3854e+06 10485760
1.39033e+06 12582912
1.39036e+06 10485760
1.39541e+06 12582912
1.39545e+06 10485760
1.40056e+06 12582912
1.40059e+06 10485760
1.40526e+06 12582912
1.40528e+06 10485760
1.41003e+06 12582912
1.41007e+06 10485760
1.41514e+06 12582912
1.41518e+06 10485760
1.42016e+06 12582912
1.4202e+06 10485760
1.42546e+06 12582912
1.42549e+06 10485760
1.42549e+06 50331648
1.42557e+06 10485760
1.4303e+06 12582912
1.43033e+06 10485760
1.43466e+06 12582912
1.4347e+06 10485760
1.43878e+06 12582912
1.43881e+06 10485760
1.44351e+06 12582912
1.44355e+06 10485760
1.44797e+06 12582912
1.448e+06 10485760
1.4526e+06 12582912
1.45263e+06 10485760
1.45775e+06 12582912
1.45778e+06 10485760
1.46259e+06 12582912
1.46263e+06 10485760
1.46263e+06 50331648
1.46271e+06 10485760
1.46788e+06 12582912
1.46792e+06 10485760
1.47311e+06 12582912
1.47314e+06 10485760
1.47822e+06 12582912
1.47825e+06 10485760
1.48314e+06 12582912
1.48317e+06 10485760
1.48773e+06 12582912
1.48776e+06 10485760
1.49214e+06 12582912
1.49218e+06 10485760
1.49639e+06 12582912
1.49642e+06 10485760
1.50096e+06 12582912
1.50099e+06 10485760
1.501e+06 50331648
1.50107e+06 10485760
1.50107e+06 201326592
1.50137e+06 10485760
1.50665e+06 12582912
1.50669e+06 10485760
1.51178e+06 12582912
1.51181e+06 10485760
1.51684e+06 12582912
1.51687e+06 10485760
1.52214e+06 12582912
1.52217e+06 10485760
1.52706e+06 12582912
1.5271e+06 10485760
1.53171e+06 12582912
1.53174e+06 10485760
1.53655e+06 12582912
1.53658e+06 10485760
1.54095e+06 12582912
1.54099e+06 10485760
1.54099e+06 50331648
1.54107e+06 10485760
1.54551e+06 12582912
1.54554e+06 10485760
1.55005e+06 12582912
1.55008e+06 10485760
1.55395e+06 12582912
1.55398e+06 10485760
1.55832e+06 12582912
1.55836e+06 10485760
1.56282e+06 12582912
1.56285e+06 10485760
1.567e+06 12582912
1.56704e+06 10485760
1.57184e+06 12582912
1.57187e+06 10485760
1.5765e+06 12582912
1.57654e+06 10485760
1.57654e+06 50331648
1.57662e+06 10485760
1.58206e+06 12582912
1.58209e+06 10485760
1.58723e+06 12582912
1.58726e+06 10485760
1.59241e+06 12582912
1.59244e+06 10485760
1.59754e+06 12582912
1.59758e+06 10485760
1.60262e+06 12582912
1.60265e+06 10485760
1.6078e+06 12582912
1.60784e+06 10485760
1.61315e+06 12582912
1.61318e+06 10485760
1.6176e+06 12582912
1.61764e+06 10485760
1.61764e+06 50331648
1.61771e+06 10485760
1.62243e+06 12582912
1.62246e+06 10485760
1.62734e+06 12582912
1.62737e+06 10485760
1.63231e+06 12582912
1.63234e+06 10485760
1.63688e+06 12582912
1.63691e+06 10485760
1.64162e+06 12582912
1.64166e+06 10485760
1.64584e+06 12582912
1.64587e+06 10485760
1.64969e+06 12582912
1.64972e+06 10485760
1.65342e+06 12582912
1.65345e+06 10485760
1.65345e+06 50331648
1.65352e+06 10485760
1.6572e+06 12582912
1.65723e+06 10485760
1.6617e+06 12582912
1.66174e+06 10485760
1.66606e+06 12582912
1.66609e+06 10485760
1.67046e+06 12582912
1.67049e+06 10485760
1.67492e+06 12582912
1.67495e+06 10485760
1.67922e+06 12582912
1.67925e+06 10485760
1.68382e+06 12582912
1.68385e+06 10485760
1.68856e+06 12582912
1.68859e+06 10485760
1.68859e+06 50331648
1.68867e+06 10485760
1.69351e+06 12582912
1.69354e+06 10485760
1.69837e+06 12582912
1.6984e+06 10485760
1.7037e+06 12582912
1.70373e+06 10485760
1.70896e+06 12582912
1.70899e+06 10485760
1.71459e+06 12582912
1.71462e+06 10485760
1.7203e+06 12582912
1.72033e+06 10485760
1.72574e+06 12582912
1.72577e+06 10485760
1.7315e+06 12582912
1.73153e+06 10485760
1.73153e+06 50331648
1.73161e+06 10485760
1.73712e+06 12582912
1.73715e+06 10485760
1.74279e+06 12582912
1.74283e+06 10485760
1.74776e+06 12582912
1.74779e+06 10485760
1.75265e+06 12582912
1.75268e+06 10485760
1.75783e+06 12582912
1.75786e+06 10485760
1.76311e+06 12582912
1.76313e+06 10485760
1.76836e+06 12582912
1.7684e+06 10485760
1.77376e+06 12582912
1.77379e+06 10485760
1.77379e+06 50331648
1.77387e+06 10485760
1.77938e+06 12582912
1.77941e+06 10485760
1.785e+06 12582912
1.78504e+06 10485760
1.79065e+06 12582912
1.79068e+06 10485760
1.7959e+06 12582912
1.79593e+06 10485760
1.80146e+06 12582912
1.8015e+06 10485760
1.8068e+06 12582912
1.80684e+06 10485760
1.812e+06 12582912
1.81204e+06 10485760
1.81771e+06 12582912
1.81774e+06 10485760
1.81775e+06 50331648
1.81782e+06 10485760
1.81782e+06 201326592
1.81812e+06 10485760
1.81812e+06 805306368
1.8193e+06 10485760
