4271.65 18750000
4466.61 18750000
8730.82 18750000
8922.63 18750000
13156.7 18750000
13571.7 18750000
17774.3 18750000
18296.1 18750000
22983.5 18750000
23665.8 18750000
27892.8 18750000
28166.6 18750000
32743.9 18750000
33483.2 18750000
37694.6 18750000
37911 18750000
37936.5 75000000
38691.4 75000000
43579.1 18750000
43881.6 18750000
48096.6 18750000
48675.3 18750000
53030.9 18750000
53631.3 18750000
58448.7 18750000
58675.1 18750000
63157.8 18750000
63589.6 18750000
67967.1 18750000
68689.2 18750000
73026.6 18750000
73451.5 18750000
77627.2 18750000
77786.3 18750000
77839.1 75000000
78732.1 75000000
84028.4 18750000
84271.8 18750000
88845.9 18750000
89096.8 18750000
93622 18750000
93912.1 18750000
98256.1 18750000
98467.1 18750000
102990 18750000
103227 18750000
108250 18750000
108679 18750000
112951 18750000
113184 18750000
117601 18750000
117918 18750000
117934 75000000
118879 75000000
123557 18750000
123877 18750000
128056 18750000
128523 18750000
133171 18750000
133424 18750000
138155 18750000
138327 18750000
142881 18750000
143196 18750000
147607 18750000
147870 18750000
152333 18750000
152621 18750000
157167 18750000
157618 18750000
157640 75000000
158219 75000000
163143 18750000
163422 18750000
168440 18750000
169099 18750000
173454 18750000
173718 18750000
178246 18750000
178480 18750000
183289 18750000
183579 18750000
188215 18750000
188504 18750000
193307 18750000
193584 18750000
198217 18750000
198524 18750000
198537 75000000
199542 75000000
204318 18750000
204664 18750000
209069 18750000
209384 18750000
213778 18750000
214294 18750000
218787 18750000
219153 18750000
223855 18750000
224107 18750000
228689 18750000
228985 18750000
233523 18750000
233780 18750000
238683 18750000
239038 18750000
239056 75000000
239724 75000000
244995 18750000
245280 18750000
249871 18750000
250263 18750000
254711 18750000
255073 18750000
259353 18750000
259634 18750000
264146 18750000
264672 18750000
268888 18750000
269185 18750000
273957 18750000
274300 18750000
278840 18750000
279232 18750000
279248 75000000
280137 75000000
285033 18750000
285331 18750000
289967 18750000
290196 18750000
294518 18750000
294768 18750000
299161 18750000
299518 18750000
303789 18750000
304107 18750000
308771 18750000
309033 18750000
313672 18750000
314034 18750000
318581 18750000
319014 18750000
319042 75000000
319872 75000000
320291 300000000
322407 300000000
328758 18750000
329098 18750000
333776 18750000
334072 18750000
338768 18750000
339053 18750000
343611 18750000
343916 18750000
348795 18750000
349045 18750000
353779 18750000
354203 18750000
358772 18750000
358982 18750000
363573 18750000
363973 18750000
363997 75000000
364564 75000000
369819 18750000
370297 18750000
374767 18750000
375163 18750000
379451 18750000
379765 18750000
384552 18750000
384814 18750000
390086 18750000
390313 18750000
394938 18750000
395394 18750000
399971 18750000
400454 18750000
404839 18750000
405490 18750000
405585 75000000
406172 75000000
411649 18750000
411985 18750000
416274 18750000
416504 18750000
420992 18750000
421284 18750000
425643 18750000
426043 18750000
430427 18750000
430772 18750000
435486 18750000
435674 18750000
440487 18750000
440768 18750000
445380 18750000
445829 18750000
445889 75000000
446439 75000000
451384 18750000
451812 18750000
456282 18750000
456480 18750000
460824 18750000
461195 18750000
465692 18750000
466030 18750000
470535 18750000
470793 18750000
475847 18750000
476149 18750000
480820 18750000
481130 18750000
485815 18750000
486346 18750000
486379 75000000
487013 75000000
492391 18750000
492717 18750000
497631 18750000
498021 18750000
502607 18750000
502808 18750000
507850 18750000
508115 18750000
512876 18750000
513051 18750000
517919 18750000
518256 18750000
523036 18750000
523384 18750000
527963 18750000
528404 18750000
528419 75000000
528938 75000000
534483 18750000
534872 18750000
539773 18750000
540093 18750000
544568 18750000
544913 18750000
549250 18750000
549448 18750000
554134 18750000
554690 18750000
559085 18750000
559372 18750000
564177 18750000
564520 18750000
568878 18750000
569345 18750000
569368 75000000
570328 75000000
575446 18750000
575853 18750000
580622 18750000
580888 18750000
585835 18750000
586101 18750000
590966 18750000
591447 18750000
596017 18750000
596431 18750000
601559 18750000
601830 18750000
606885 18750000
607236 18750000
611703 18750000
612204 18750000
612237 75000000
612792 75000000
618115 18750000
618509 18750000
623030 18750000
623428 18750000
628448 18750000
628771 18750000
633424 18750000
633840 18750000
638758 18750000
639158 18750000
643859 18750000
644162 18750000
649213 18750000
649556 18750000
654444 18750000
655044 18750000
655474 75000000
655969 75000000
656878 300000000
658795 300000000
665446 18750000
665811 18750000
670531 18750000
670949 18750000
675698 18750000
675984 18750000
680708 18750000
681077 18750000
685475 18750000
685926 18750000
691112 18750000
691440 18750000
696227 18750000
696578 18750000
701295 18750000
701779 18750000
701807 75000000
702495 75000000
708038 18750000
708387 18750000
713233 18750000
713620 18750000
718365 18750000
718731 18750000
723599 18750000
723950 18750000
728467 18750000
728892 18750000
733518 18750000
733840 18750000
738535 18750000
738795 18750000
743395 18750000
743864 18750000
743914 75000000
744477 75000000
750112 18750000
750481 18750000
755134 18750000
755398 18750000
760414 18750000
760854 18750000
765493 18750000
765911 18750000
770483 18750000
771008 18750000
775828 18750000
776132 18750000
780988 18750000
781341 18750000
786519 18750000
787002 18750000
787020 75000000
787606 75000000
793040 18750000
793478 18750000
798046 18750000
798411 18750000
802914 18750000
803278 18750000
807798 18750000
808144 18750000
813299 18750000
813640 18750000
818226 18750000
818642 18750000
823410 18750000
823698 18750000
828246 18750000
828636 18750000
828655 75000000
829189 75000000
834670 18750000
835052 18750000
839832 18750000
840168 18750000
844733 18750000
845113 18750000
849917 18750000
850342 18750000
855293 18750000
855715 18750000
860525 18750000
860887 18750000
865768 18750000
866245 18750000
871805 18750000
872286 18750000
872310 75000000
872903 75000000
878364 18750000
878742 18750000
883597 18750000
883920 18750000
888305 18750000
888564 18750000
893400 18750000
893815 18750000
898935 18750000
899183 18750000
904072 18750000
904550 18750000
909376 18750000
910080 18750000
914977 18750000
915502 18750000
915523 75000000
916093 75000000
921747 18750000
922124 18750000
927329 18750000
927766 18750000
932749 18750000
933128 18750000
937690 18750000
938110 18750000
943016 18750000
943332 18750000
948169 18750000
948708 18750000
953795 18750000
954169 18750000
959019 18750000
959879 18750000
959903 75000000
960357 75000000
966114 18750000
966455 18750000
971154 18750000
971593 18750000
976416 18750000
976845 18750000
982059 18750000
982465 18750000
987677 18750000
988221 18750000
993128 18750000
993497 18750000
998212 18750000
998659 18750000
1.00326e+06 18750000
1.00367e+06 18750000
1.0037e+06 75000000
1.00418e+06 75000000
1.00521e+06 300000000
1.00714e+06 300000000
1.01367e+06 18750000
1.01415e+06 18750000
1.01928e+06 18750000
1.01974e+06 18750000
1.02489e+06 18750000
1.02536e+06 18750000
1.03002e+06 18750000
1.03057e+06 18750000
1.03535e+06 18750000
1.03584e+06 18750000
1.04066e+06 18750000
1.0409e+06 18750000
1.04544e+06 18750000
1.04578e+06 18750000
1.05051e+06 18750000
1.05104e+06 18750000
1.05105e+06 75000000
1.05161e+06 75000000
1.05718e+06 18750000
1.05761e+06 18750000
1.06262e+06 18750000
1.06306e+06 18750000
1.06801e+06 18750000
1.06842e+06 18750000
1.07318e+06 18750000
1.07361e+06 18750000
1.07845e+06 18750000
1.07918e+06 18750000
1.08424e+06 18750000
1.0847e+06 18750000
1.08958e+06 18750000
1.09e+06 18750000
1.09445e+06 18750000
1.09492e+06 18750000
1.09495e+06 75000000
1.09558e+06 75000000
1.1011e+06 18750000
1.10136e+06 18750000
1.10613e+06 18750000
1.10655e+06 18750000
1.11138e+06 18750000
1.11178e+06 18750000
1.11663e+06 18750000
1.11701e+06 18750000
1.12192e+06 18750000
1.12235e+06 18750000
1.12751e+06 18750000
1.12783e+06 18750000
1.13239e+06 18750000
1.13288e+06 18750000
1.13744e+06 18750000
1.13786e+06 18750000
1.13789e+06 75000000
1.13844e+06 75000000
1.14376e+06 18750000
1.14449e+06 18750000
1.14942e+06 18750000
1.14981e+06 18750000
1.15461e+06 18750000
1.15502e+06 18750000
1.15982e+06 18750000
1.16037e+06 18750000
1.16525e+06 18750000
1.16566e+06 18750000
1.17066e+06 18750000
1.17109e+06 18750000
1.17584e+06 18750000
1.17627e+06 18750000
1.18101e+06 18750000
1.18127e+06 18750000
1.18128e+06 75000000
1.18189e+06 75000000
1.1872e+06 18750000
1.18761e+06 18750000
1.19258e+06 18750000
1.19298e+06 18750000
1.19768e+06 18750000
1.19799e+06 18750000
1.20283e+06 18750000
1.20322e+06 18750000
1.20811e+06 18750000
1.20842e+06 18750000
1.21341e+06 18750000
1.21378e+06 18750000
1.21855e+06 18750000
1.21902e+06 18750000
1.22369e+06 18750000
1.22414e+06 18750000
1.22416e+06 75000000
1.22497e+06 75000000
1.23053e+06 18750000
1.23102e+06 18750000
1.23573e+06 18750000
1.23615e+06 18750000
1.24165e+06 18750000
1.24189e+06 18750000
1.24711e+06 18750000
1.24759e+06 18750000
1.25226e+06 18750000
1.25267e+06 18750000
1.25747e+06 18750000
1.2578e+06 18750000
1.26257e+06 18750000
1.26294e+06 18750000
1.26759e+06 18750000
1.26792e+06 18750000
1.268e+06 75000000
1.26858e+06 75000000
1.27411e+06 18750000
1.27499e+06 18750000
1.27976e+06 18750000
1.28025e+06 18750000
1.2849e+06 18750000
1.28523e+06 18750000
1.29028e+06 18750000
1.29064e+06 18750000
1.2956e+06 18750000
1.29597e+06 18750000
1.30097e+06 18750000
1.30136e+06 18750000
1.30637e+06 18750000
1.30682e+06 18750000
1.31164e+06 18750000
1.31208e+06 18750000
1.3121e+06 75000000
1.31264e+06 75000000
1.31794e+06 18750000
1.3184e+06 18750000
1.32344e+06 18750000
1.32388e+06 18750000
1.32892e+06 18750000
1.32923e+06 18750000
1.33445e+06 18750000
1.33505e+06 18750000
1.34032e+06 18750000
1.34077e+06 18750000
1.34571e+06 18750000
1.34601e+06 18750000
1.35107e+06 18750000
1.35146e+06 18750000
1.35647e+06 18750000
1.35672e+06 18750000
1.3568e+06 75000000
1.35737e+06 75000000
1.3578e+06 300000000
1.36039e+06 300000000
1.36678e+06 18750000
1.36727e+06 18750000
1.37228e+06 18750000
1.37271e+06 18750000
1.37778e+06 18750000
1.37822e+06 18750000
1.38296e+06 18750000
1.38327e+06 18750000
1.38809e+06 18750000
1.38853e+06 18750000
1.3936e+06 18750000
1.39409e+06 18750000
1.39934e+06 18750000
1.40001e+06 18750000
1.40476e+06 18750000
1.40562e+06 18750000
1.40567e+06 75000000
1.40623e+06 75000000
1.41171e+06 18750000
1.41203e+06 18750000
1.4171e+06 18750000
1.41746e+06 18750000
1.42263e+06 18750000
1.42305e+06 18750000
1.42813e+06 18750000
1.42871e+06 18750000
1.43364e+06 18750000
1.43413e+06 18750000
1.43929e+06 18750000
1.44022e+06 18750000
1.44557e+06 18750000
1.44602e+06 18750000
1.45068e+06 18750000
1.4511e+06 18750000
1.45112e+06 75000000
1.45166e+06 75000000
1.45718e+06 18750000
1.45749e+06 18750000
1.46276e+06 18750000
1.46317e+06 18750000
1.46776e+06 18750000
1.46825e+06 18750000
1.47356e+06 18750000
1.474e+06 18750000
1.47927e+06 18750000
1.47973e+06 18750000
1.48504e+06 18750000
1.48553e+06 18750000
1.49035e+06 18750000
1.49075e+06 18750000
1.49584e+06 18750000
1.49625e+06 18750000
1.49627e+06 75000000
1.49687e+06 75000000
1.50222e+06 18750000
1.50265e+06 18750000
1.50762e+06 18750000
1.5082e+06 18750000
1.51325e+06 18750000
1.51366e+06 18750000
1.51864e+06 18750000
1.51918e+06 18750000
1.52465e+06 18750000
1.52531e+06 18750000
1.53079e+06 18750000
1.53123e+06 18750000
1.53636e+06 18750000
1.53713e+06 18750000
1.54219e+06 18750000
1.54259e+06 18750000
1.5427e+06 75000000
1.54328e+06 75000000
1.54894e+06 18750000
1.54932e+06 18750000
1.55422e+06 18750000
1.55459e+06 18750000
1.55978e+06 18750000
1.56015e+06 18750000
1.56515e+06 18750000
1.56555e+06 18750000
1.57069e+06 18750000
1.57114e+06 18750000
1.57618e+06 18750000
1.57694e+06 18750000
1.58167e+06 18750000
1.58213e+06 18750000
1.58684e+06 18750000
1.58742e+06 18750000
1.58746e+06 75000000
1.58806e+06 75000000
1.59376e+06 18750000
1.59431e+06 18750000
1.59964e+06 18750000
1.60086e+06 18750000
1.60772e+06 18750000
1.60819e+06 18750000
1.6135e+06 18750000
1.61394e+06 18750000
1.61903e+06 18750000
1.61927e+06 18750000
1.62441e+06 18750000
1.62477e+06 18750000
1.62987e+06 18750000
1.63006e+06 18750000
1.63602e+06 18750000
1.6366e+06 18750000
1.63665e+06 75000000
1.63751e+06 75000000
1.64305e+06 18750000
1.64345e+06 18750000
1.64871e+06 18750000
1.64912e+06 18750000
1.65427e+06 18750000
1.65466e+06 18750000
1.65985e+06 18750000
1.66027e+06 18750000
1.66544e+06 18750000
1.6658e+06 18750000
1.67093e+06 18750000
1.67129e+06 18750000
1.67662e+06 18750000
1.67679e+06 18750000
1.68189e+06 18750000
1.68226e+06 18750000
1.68229e+06 75000000
1.68286e+06 75000000
1.6882e+06 18750000
1.68857e+06 18750000
1.69382e+06 18750000
1.69421e+06 18750000
1.69964e+06 18750000
1.7e+06 18750000
1.70522e+06 18750000
1.70553e+06 18750000
1.71082e+06 18750000
1.71125e+06 18750000
1.71665e+06 18750000
1.71705e+06 18750000
1.72233e+06 18750000
1.72262e+06 18750000
1.72779e+06 18750000
1.72831e+06 18750000
1.72833e+06 75000000
1.72897e+06 75000000
1.72925e+06 300000000
1.73149e+06 300000000
1.73887e+06 18750000
1.73927e+06 18750000
1.74448e+06 18750000
1.74469e+06 18750000
1.74996e+06 18750000
1.75037e+06 18750000
1.75557e+06 18750000
1.75586e+06 18750000
1.76115e+06 18750000
1.76141e+06 18750000
1.76643e+06 18750000
1.76668e+06 18750000
1.77157e+06 18750000
1.77189e+06 18750000
1.77687e+06 18750000
1.77723e+06 18750000
1.77729e+06 75000000
1.77795e+06 75000000
1.78348e+06 18750000
1.78376e+06 18750000
1.78884e+06 18750000
1.78914e+06 18750000
1.79418e+06 18750000
1.79445e+06 18750000
1.79945e+06 18750000
1.79979e+06 18750000
1.80478e+06 18750000
1.80507e+06 18750000
1.80999e+06 18750000
1.81034e+06 18750000
1.81552e+06 18750000
1.81588e+06 18750000
1.8209e+06 18750000
1.82132e+06 18750000
1.82135e+06 75000000
1.82197e+06 75000000
1.82782e+06 18750000
1.8282e+06 18750000
1.83343e+06 18750000
1.83382e+06 18750000
1.83927e+06 18750000
1.83966e+06 18750000
1.84472e+06 18750000
1.84497e+06 18750000
1.85027e+06 18750000
1.85059e+06 18750000
1.85594e+06 18750000
1.85624e+06 18750000
1.86164e+06 18750000
1.86206e+06 18750000
1.86712e+06 18750000
1.86737e+06 18750000
1.86738e+06 75000000
1.86795e+06 75000000
1.87391e+06 18750000
1.87434e+06 18750000
1.87976e+06 18750000
1.88018e+06 18750000
1.8855e+06 18750000
1.88587e+06 18750000
1.89114e+06 18750000
1.89147e+06 18750000
1.89685e+06 18750000
1.89711e+06 18750000
1.90235e+06 18750000
1.90266e+06 18750000
1.90795e+06 18750000
1.90822e+06 18750000
1.9135e+06 18750000
1.91428e+06 18750000
1.91434e+06 75000000
1.91495e+06 75000000
1.92089e+06 18750000
1.92128e+06 18750000
1.9269e+06 18750000
1.92718e+06 18750000
1.93245e+06 18750000
1.93275e+06 18750000
1.93791e+06 18750000
1.93829e+06 18750000
1.94352e+06 18750000
1.94395e+06 18750000
1.94922e+06 18750000
1.94964e+06 18750000
1.95466e+06 18750000
1.95498e+06 18750000
1.96005e+06 18750000
1.96057e+06 18750000
1.9606e+06 75000000
1.96116e+06 75000000
1.96736e+06 18750000
1.96768e+06 18750000
1.97295e+06 18750000
1.97336e+06 18750000
1.97885e+06 18750000
1.97937e+06 18750000
1.98514e+06 18750000
1.98549e+06 18750000
1.99072e+06 18750000
1.99105e+06 18750000
1.99637e+06 18750000
1.99668e+06 18750000
2.00188e+06 18750000
2.00226e+06 18750000
2.0074e+06 18750000
2.0079e+06 18750000
2.00792e+06 75000000
2.0085e+06 75000000
2.01458e+06 18750000
2.01505e+06 18750000
2.02035e+06 18750000
2.02073e+06 18750000
2.02609e+06 18750000
2.02643e+06 18750000
2.03187e+06 18750000
2.03223e+06 18750000
2.03746e+06 18750000
2.03795e+06 18750000
2.04323e+06 18750000
2.04362e+06 18750000
2.04904e+06 18750000
2.0495e+06 18750000
2.05479e+06 18750000
2.05526e+06 18750000
2.05529e+06 75000000
2.0559e+06 75000000
2.06194e+06 18750000
2.06228e+06 18750000
2.06783e+06 18750000
2.0681e+06 18750000
2.07327e+06 18750000
2.07387e+06 18750000
2.07942e+06 18750000
2.07971e+06 18750000
2.08509e+06 18750000
2.08542e+06 18750000
2.09062e+06 18750000
2.091e+06 18750000
2.09666e+06 18750000
2.09705e+06 18750000
2.10255e+06 18750000
2.10303e+06 18750000
2.10304e+06 75000000
2.10363e+06 75000000
2.10403e+06 300000000
2.10637e+06 300000000
2.1135e+06 18750000
2.1138e+06 18750000
2.11953e+06 18750000
2.11992e+06 18750000
2.12543e+06 18750000
2.12592e+06 18750000
2.13123e+06 18750000
2.13162e+06 18750000
2.13665e+06 18750000
2.137e+06 18750000
2.14238e+06 18750000
2.14287e+06 18750000
2.1483e+06 18750000
2.14868e+06 18750000
2.15406e+06 18750000
2.15489e+06 18750000
2.15493e+06 75000000
2.15552e+06 75000000
2.16175e+06 18750000
2.16205e+06 18750000
2.16705e+06 18750000
2.16742e+06 18750000
2.17334e+06 18750000
2.17377e+06 18750000
2.17945e+06 18750000
2.17974e+06 18750000
2.18513e+06 18750000
2.18563e+06 18750000
2.19108e+06 18750000
2.19143e+06 18750000
2.19666e+06 18750000
2.19712e+06 18750000
2.20254e+06 18750000
2.20286e+06 18750000
2.2029e+06 75000000
2.20347e+06 75000000
2.21022e+06 18750000
2.21074e+06 18750000
2.21613e+06 18750000
2.2166e+06 18750000
2.22253e+06 18750000
2.22294e+06 18750000
2.22857e+06 18750000
2.22892e+06 18750000
2.23419e+06 18750000
2.23446e+06 18750000
2.23989e+06 18750000
2.24037e+06 18750000
2.24591e+06 18750000
2.24621e+06 18750000
2.25166e+06 18750000
2.252e+06 18750000
2.25201e+06 75000000
2.2526e+06 75000000
2.25849e+06 18750000
2.25877e+06 18750000
2.2642e+06 18750000
2.26468e+06 18750000
2.26996e+06 18750000
2.27042e+06 18750000
2.27561e+06 18750000
2.27615e+06 18750000
2.2815e+06 18750000
2.2819e+06 18750000
2.28726e+06 18750000
2.28762e+06 18750000
2.29294e+06 18750000
2.29334e+06 18750000
2.29876e+06 18750000
2.2992e+06 18750000
2.29923e+06 75000000
2.30022e+06 75000000
2.30598e+06 18750000
2.30626e+06 18750000
2.31168e+06 18750000
2.31206e+06 18750000
2.31714e+06 18750000
2.31745e+06 18750000
2.32305e+06 18750000
2.32332e+06 18750000
2.32876e+06 18750000
2.32916e+06 18750000
2.33469e+06 18750000
2.33545e+06 18750000
2.34082e+06 18750000
2.34112e+06 18750000
2.34657e+06 18750000
2.34703e+06 18750000
2.34708e+06 75000000
2.34769e+06 75000000
2.35318e+06 18750000
2.35348e+06 18750000
2.35869e+06 18750000
2.35904e+06 18750000
2.36443e+06 18750000
2.36488e+06 18750000
2.3705e+06 18750000
2.37078e+06 18750000
2.37591e+06 18750000
2.37638e+06 18750000
2.38183e+06 18750000
2.38222e+06 18750000
2.38762e+06 18750000
2.38799e+06 18750000
2.39365e+06 18750000
2.39401e+06 18750000
2.39404e+06 75000000
2.39468e+06 75000000
2.40088e+06 18750000
2.40114e+06 18750000
2.40683e+06 18750000
2.40728e+06 18750000
2.41257e+06 18750000
2.41299e+06 18750000
2.41816e+06 18750000
2.41853e+06 18750000
2.42371e+06 18750000
2.42417e+06 18750000
2.43017e+06 18750000
2.4306e+06 18750000
2.4361e+06 18750000
2.43644e+06 18750000
2.44198e+06 18750000
2.44244e+06 18750000
2.44249e+06 75000000
2.44305e+06 75000000
2.44964e+06 18750000
2.45006e+06 18750000
2.45557e+06 18750000
2.45591e+06 18750000
2.4614e+06 18750000
2.46177e+06 18750000
2.46708e+06 18750000
2.46753e+06 18750000
2.47287e+06 18750000
2.47331e+06 18750000
2.4786e+06 18750000
2.47901e+06 18750000
2.48474e+06 18750000
2.48522e+06 18750000
2.49119e+06 18750000
2.4915e+06 18750000
2.49156e+06 75000000
2.49215e+06 75000000
2.49257e+06 300000000
2.49438e+06 300000000
2.5018e+06 18750000
2.50217e+06 18750000
2.5076e+06 18750000
2.50799e+06 18750000
2.51366e+06 18750000
2.51406e+06 18750000
2.51937e+06 18750000
2.5197e+06 18750000
2.52574e+06 18750000
2.52614e+06 18750000
2.53181e+06 18750000
2.53229e+06 18750000
2.53784e+06 18750000
2.53825e+06 18750000
2.54477e+06 18750000
2.54541e+06 18750000
2.54546e+06 75000000
2.54643e+06 75000000
2.55244e+06 18750000
2.55282e+06 18750000
2.55815e+06 18750000
2.55865e+06 18750000
2.56409e+06 18750000
2.56456e+06 18750000
2.57001e+06 18750000
2.57038e+06 18750000
2.57596e+06 18750000
2.5763e+06 18750000
2.58189e+06 18750000
2.58231e+06 18750000
2.58767e+06 18750000
2.58805e+06 18750000
2.59378e+06 18750000
2.59417e+06 18750000
2.59422e+06 75000000
2.59475e+06 75000000
2.60144e+06 18750000
2.60177e+06 18750000
2.60762e+06 18750000
2.60789e+06 18750000
2.61422e+06 18750000
2.6147e+06 18750000
2.62021e+06 18750000
2.62062e+06 18750000
2.62609e+06 18750000
2.62655e+06 18750000
2.63219e+06 18750000
2.63254e+06 18750000
2.63797e+06 18750000
2.6384e+06 18750000
2.64431e+06 18750000
2.64468e+06 18750000
2.64472e+06 75000000
2.64534e+06 75000000
2.65155e+06 18750000
2.65194e+06 18750000
2.65733e+06 18750000
2.65768e+06 18750000
2.66315e+06 18750000
2.66384e+06 18750000
2.66955e+06 18750000
2.66991e+06 18750000
2.67553e+06 18750000
2.67596e+06 18750000
2.68145e+06 18750000
2.68189e+06 18750000
2.68739e+06 18750000
2.68779e+06 18750000
2.69329e+06 18750000
2.69368e+06 18750000
2.69405e+06 75000000
2.69461e+06 75000000
2.7014e+06 18750000
2.70176e+06 18750000
2.70704e+06 18750000
2.70746e+06 18750000
2.71279e+06 18750000
2.71323e+06 18750000
2.71834e+06 18750000
2.71862e+06 18750000
2.72414e+06 18750000
2.72457e+06 18750000
2.72959e+06 18750000
2.73002e+06 18750000
2.73559e+06 18750000
2.73614e+06 18750000
2.74138e+06 18750000
2.74181e+06 18750000
2.74183e+06 75000000
2.74243e+06 75000000
2.74824e+06 18750000
2.74864e+06 18750000
2.75386e+06 18750000
2.75433e+06 18750000
2.76063e+06 18750000
2.76092e+06 18750000
2.76673e+06 18750000
2.76707e+06 18750000
2.77241e+06 18750000
2.77267e+06 18750000
2.77812e+06 18750000
2.77845e+06 18750000
2.78374e+06 18750000
2.78428e+06 18750000
2.79007e+06 18750000
2.79042e+06 18750000
2.79048e+06 75000000
2.79105e+06 75000000
2.79657e+06 18750000
2.79695e+06 18750000
2.80217e+06 18750000
2.80252e+06 18750000
2.80844e+06 18750000
2.80889e+06 18750000
2.81409e+06 18750000
2.81447e+06 18750000
2.81979e+06 18750000
2.8202e+06 18750000
2.82595e+06 18750000
2.82648e+06 18750000
2.83166e+06 18750000
2.83196e+06 18750000
2.83767e+06 18750000
2.83805e+06 18750000
2.8381e+06 75000000
2.83871e+06 75000000
2.84526e+06 18750000
2.84559e+06 18750000
2.85115e+06 18750000
2.85155e+06 18750000
2.85674e+06 18750000
2.857e+06 18750000
2.86212e+06 18750000
2.86247e+06 18750000
2.86768e+06 18750000
2.86817e+06 18750000
2.87306e+06 18750000
2.87338e+06 18750000
2.87846e+06 18750000
2.87867e+06 18750000
2.88398e+06 18750000
2.88447e+06 18750000
2.88452e+06 75000000
2.88509e+06 75000000
2.88569e+06 300000000
2.88782e+06 300000000
2.88968e+06 1200000000
2.89723e+06 1200000000
