656.28 41943040
656.582 10485760
715.3 41943040
715.456 10485760
822.048 41943040
822.201 10485760
849.641 41943040
849.783 10485760
958.894 41943040
959.081 10485760
1137.9 41943040
1138.05 10485760
1754.7 41943040
1755.06 10485760
1788.52 41943040
1788.66 10485760
1788.66 41943040
1789.19 10485760
1843.65 41943040
1843.8 10485760
2211.77 41943040
2212.01 10485760
2240.5 41943040
2240.64 10485760
2324.16 41943040
2324.31 10485760
2496.7 41943040
2496.9 10485760
2557.57 41943040
2557.75 10485760
2586.86 41943040
2587 10485760
2614.96 41943040
2615.1 10485760
2615.1 41943040
2615.64 10485760
2808.15 41943040
2808.31 10485760
2852.99 41943040
2853.14 10485760
2945.95 41943040
2946.1 10485760
2998.55 41943040
2998.7 10485760
3027.08 41943040
3027.22 10485760
3055.64 41943040
3055.78 10485760
3103.7 41943040
3103.98 10485760
3136.58 41943040
3136.74 10485760
3136.74 41943040
3137.31 10485760
3214.79 41943040
3214.95 10485760
3447.21 41943040
3447.39 10485760
3491.24 41943040
3491.42 10485760
3520.5 41943040
3520.65 10485760
3549.6 41943040
3549.76 10485760
3578.7 41943040
3578.85 10485760
3607.81 41943040
3607.97 10485760
3636.89 41943040
3637.04 10485760
3637.04 41943040
3637.59 10485760
3706.82 41943040
3707 10485760
3745.17 41943040
3745.35 10485760
3813.01 41943040
3813.19 10485760
3863.6 41943040
3863.81 10485760
4024.33 41943040
4024.57 10485760
4139.89 41943040
4140.07 10485760
4169.04 41943040
4169.2 10485760
4198.13 41943040
4198.28 10485760
4198.29 41943040
4198.84 10485760
4276.12 41943040
4276.38 10485760
4404.16 41943040
4404.37 10485760
4443.54 41943040
4443.72 10485760
4498.68 41943040
4498.86 10485760
4556.09 41943040
4556.31 10485760
4585.98 41943040
4586.14 10485760
4615.1 41943040
4615.26 10485760
4644.19 41943040
4644.35 10485760
4644.35 41943040
4644.91 10485760
4709.18 41943040
4709.58 10485760
4744.24 41943040
4744.41 10485760
4927.61 41943040
4927.92 10485760
4961.81 41943040
4961.98 10485760
4990.95 41943040
4991.11 10485760
5020.07 41943040
5020.24 10485760
5049.23 41943040
5049.39 10485760
5078.33 41943040
5078.49 10485760
5078.49 41943040
5079.05 10485760
5108.43 41943040
5108.61 10485760
5137.82 41943040
5137.99 10485760
5167.21 41943040
5167.37 10485760
5196.45 41943040
5196.61 10485760
5225.58 41943040
5225.74 10485760
5254.71 41943040
5254.86 10485760
5283.82 41943040
5283.98 10485760
5313.02 41943040
5313.19 10485760
5313.19 41943040
5313.75 10485760
5313.75 41943040
5316.03 10485760
