7997.26 27000000
8520.75 27000000
16433.9 27000000
16849.4 27000000
24631.1 27000000
25020.6 27000000
32889.2 27000000
33365.7 27000000
42196.6 27000000
42578.5 27000000
50791.2 27000000
51148.1 27000000
59427.1 27000000
59834.9 27000000
68524.3 27000000
68989.2 27000000
69185.6 108000000
70090.1 108000000
80004.4 27000000
80418 27000000
89879.6 27000000
90297.6 27000000
99356.3 27000000
99775.8 27000000
108991 27000000
109382 27000000
118153 27000000
118484 27000000
128426 27000000
128804 27000000
138238 27000000
138680 27000000
148323 27000000
148696 27000000
148784 108000000
149888 108000000
160325 27000000
160794 27000000
170288 27000000
170642 27000000
180471 27000000
180800 27000000
190232 27000000
190538 27000000
199732 27000000
200400 27000000
210708 27000000
211087 27000000
220681 27000000
221124 27000000
231235 27000000
231670 27000000
231773 108000000
232662 108000000
243151 27000000
243678 27000000
253380 27000000
253842 27000000
263473 27000000
263922 27000000
273959 27000000
274380 27000000
283867 27000000
284166 27000000
294066 27000000
294411 27000000
305054 27000000
305556 27000000
315756 27000000
316186 27000000
316251 108000000
316922 108000000
327883 27000000
328292 27000000
338018 27000000
338480 27000000
348545 27000000
348948 27000000
359038 27000000
359483 27000000
369557 27000000
370190 27000000
380571 27000000
381011 27000000
391220 27000000
391621 27000000
401839 27000000
402294 27000000
402366 108000000
403240 108000000
414324 27000000
414785 27000000
425252 27000000
425658 27000000
435445 27000000
435874 27000000
446908 27000000
447309 27000000
458534 27000000
459157 27000000
470011 27000000
470366 27000000
481679 27000000
482315 27000000
493490 27000000
494106 27000000
494474 108000000
495197 108000000
507362 27000000
507813 27000000
518969 27000000
519414 27000000
530163 27000000
530611 27000000
541325 27000000
541696 27000000
552894 27000000
553375 27000000
564489 27000000
565103 27000000
576331 27000000
576700 27000000
588432 27000000
588976 27000000
589104 108000000
590012 108000000
602010 27000000
602633 27000000
614587 27000000
615037 27000000
627017 27000000
627692 27000000
639048 27000000
639438 27000000
651436 27000000
651927 27000000
663850 27000000
664197 27000000
676401 27000000
676810 27000000
688779 27000000
689313 27000000
689377 108000000
690255 108000000
691328 432000000
694418 432000000
